{"name":"AIDecalWaypointsGroup","class":"SimGroup","persistentId":"03c69e87-3c7d-4192-b16c-450684e80fd6","__parent":"MissionGroup"}
{"name":"Level_object","class":"SimGroup","persistentId":"19148b2f-b5e9-402d-86ff-76ff557b4b57","__parent":"MissionGroup"}
{"name":"Audio","class":"SimGroup","persistentId":"4df0c586-0ad5-4470-85c0-45873dcf14d7","__parent":"MissionGroup","locked":true}
{"name":"Statics","class":"SimGroup","persistentId":"7c73027e-0fb0-45a5-a9b9-5abd9e8c7fad","__parent":"MissionGroup"}
{"name":"new_rocks","class":"SimGroup","persistentId":"a470fca4-b3e0-4893-b345-f444b39c8576","__parent":"MissionGroup"}
{"name":"AIWaypoints","class":"SimGroup","persistentId":"81846f1b-ee81-48bb-a160-8847090d398d","__parent":"MissionGroup"}
{"name":"PlayerDropPoints","class":"SimGroup","persistentId":"dd1e189d-4f82-48f4-bc70-e69cc54d912a","__parent":"MissionGroup","enabled":"1"}
{"name":"CameraBookmarks","class":"SimGroup","persistentId":"f1f71fa9-4772-477a-b10e-248e6cf981ea","__parent":"MissionGroup"}
{"name":"decal_road","class":"SimGroup","persistentId":"59b75cdc-dc36-40cd-b9ad-5222d227ee8b","__parent":"MissionGroup"}
{"name":"water_objects","class":"SimGroup","persistentId":"792af245-a0a1-46b9-b310-f8bd90b22685","__parent":"MissionGroup"}
{"name":"point_lights","class":"SimGroup","persistentId":"b21ea2fa-ce65-4898-85d8-fd133bfadb10","__parent":"MissionGroup"}
{"name":"sign_p1_5","class":"TSStatic","persistentId":"1d8f04ad-b4e3-44c4-8771-c3b13518355b","__parent":"MissionGroup","position":[447.389435,250.32225,135.225327],"collisionType":"Visible Mesh Final","decalType":"Visible Mesh Final","isRenderEnabled":false,"mode":"Ignore","rotationMatrix":[0.999445736,-0.0332894661,-4.05634637e-10,0.0332894586,0.999445498,-0.000690535293,2.29879552e-05,0.000690152519,0.999999762],"scale":[2.5,2.5,2.5],"shapeName":"/levels/automation_test_track/art/shapes/misc/sign_arrows.dae"}
{"name":"sign_p2_5","class":"TSStatic","persistentId":"a94a1cd2-bbb2-45bf-bb25-48b880b98eff","__parent":"MissionGroup","position":[449.36911,250.1642,133.77533],"isRenderEnabled":false,"mode":"Ignore","rotationMatrix":[0.999317348,-0.0369432792,0,0.0369432792,0.999317348,0,0,0,1],"scale":[1,1,2],"shapeName":"/levels/automation_test_track/art/shapes/objects/post_fence1.dae"}
{"name":"sign_p3_5","class":"TSStatic","persistentId":"f263d51d-703b-41fb-a2c6-46ab15714d91","__parent":"MissionGroup","position":[447.370209,250.23793,133.77533],"isRenderEnabled":false,"mode":"Ignore","rotationMatrix":[-0.999317169,0.0369421504,0,-0.0369421504,-0.999317169,0,0,0,1],"scale":[1,1,2],"shapeName":"/levels/automation_test_track/art/shapes/objects/post_fence1.dae"}
{"name":"sign_p4_5","class":"TSStatic","persistentId":"ac2743fd-7b3d-47e2-b453-847224e6915b","__parent":"MissionGroup","position":[445.371552,250.31163,133.77533],"isRenderEnabled":false,"mode":"Ignore","rotationMatrix":[-0.999317169,0.0369421504,0,-0.0369421504,-0.999317169,0,0,0,1],"scale":[1,1,2],"shapeName":"/levels/automation_test_track/art/shapes/objects/post_fence1.dae"}
{"class":"TSStatic","persistentId":"bb4327bb-11d6-476a-8bd1-993b78400db8","__parent":"MissionGroup","position":[452.505615,251.055222,133.810394],"isRenderEnabled":false,"mode":"Ignore","rotationMatrix":[0.999066532,0.0424401425,-0.0080579631,-0.042194102,0.998700619,0.0285779852,0.00926034711,-0.0282113086,0.999559104],"shapeName":"/levels/automation_test_track/art/shapes/objects/tirewall.dae"}
