{"name":"outOfBounds28","class":"BeamNGTrigger","persistentId":"01d96aa2-df32-4c4f-a81d-6eca8497ca3a","__parent":"multiplayer_race_track_long_group","position":[859.578003,161.91687,161.087784],"luaFunction":"onBeamNGTrigger","rotationMatrix":[0.230908036,0.972975314,-0.000671872171,-0.972975552,0.230908036,-0.000159449555,1.74622983e-10,0.00069053343,0.999999762],"scale":[2,23.4148293,6],"track":"long","triggerColor":[255,0,0,10],"zone":"7"}
{"name":"outOfBounds21","class":"BeamNGTrigger","persistentId":"07309a14-6ba0-4f19-b339-43414b6f897e","__parent":"multiplayer_race_track_long_group","position":[56.5015907,37.3354454,121.554787],"luaFunction":"onBeamNGTrigger","rotationMatrix":[-0.57521069,0.818004966,-0.000564859656,-0.818005204,-0.575210452,0.000397202006,-5.82076609e-11,0.000690533081,0.999999762],"scale":[2,51.8315353,6],"track":"long","triggerColor":[255,0,0,10],"zone":"0"}
{"name":"lapSplit4","class":"BeamNGTrigger","persistentId":"083e189f-e4d8-472b-a36b-758975c34d07","__parent":"multiplayer_race_track_long_group","position":[355.384216,282.404938,121.479843],"luaFunction":"onBeamNGTrigger","rotationMatrix":[0.678373635,0.734717011,-0.000507346995,-0.734717131,0.678373456,-0.000468439888,5.82076609e-11,0.00069053378,0.999999762],"scale":[2,20,6],"track":"long","triggerColor":[255,255,0,10],"zone":"0"}
{"name":"lapSplit3","class":"BeamNGTrigger","persistentId":"10bc7272-a42f-4a32-871e-42c6adcc2652","__parent":"multiplayer_race_track_long_group","position":[-275.237518,-190.793671,121.068192],"luaFunction":"onBeamNGTrigger","rotationMatrix":[0.697963238,0.716133475,2.91038305e-11,-0.716133356,0.697963059,-0.00069053378,-0.000494514476,0.000481967116,0.999999762],"scale":[2,23.0894032,6],"track":"long alt","triggerColor":[255,255,0,10],"zone":"0"}
{"name":"outOfBounds31","class":"BeamNGTrigger","persistentId":"193612cc-1cfd-45c9-a11b-bd952b53ebf5","__parent":"multiplayer_race_track_long_group","position":[777.531128,321.039124,160.515503],"luaFunction":"onBeamNGTrigger","rotationMatrix":[-0.997708082,0.0676612854,-4.67222453e-05,-0.0676613003,-0.997707844,0.00068895088,1.45519152e-10,0.000690533314,0.999999762],"scale":[2,31.4478893,6],"track":"long","triggerColor":[255,0,0,10],"zone":"6"}
{"name":"pitExit","class":"BeamNGTrigger","persistentId":"19b497c8-fc45-4c24-8d09-1e7f40417569","__parent":"multiplayer_race_track_long_group","position":[286.720856,-224.950516,143.650223],"luaFunction":"onBeamNGTrigger","rotationMatrix":[0.978852272,-0.204568371,0.000141261204,0.204568431,0.978852034,-0.000675930351,1.45519152e-10,0.000690533489,0.999999762],"scale":[2,16.7159138,6],"track":"long","triggerColor":[0,0,255,20],"zone":"0"}
{"name":"outOfBounds3","class":"BeamNGTrigger","persistentId":"19cacf3f-2cde-4898-a6c5-87634d1dbc48","__parent":"multiplayer_race_track_long_group","position":[58.4266205,-163.530792,127.448357],"luaFunction":"onBeamNGTrigger","rotationMatrix":[-0.0824654102,0.996593535,-0.000688181433,-0.996593773,-0.0824654102,5.69452532e-05,0,0.00069053343,0.999999762],"scale":[2,50.8886757,6],"track":"long","triggerColor":[255,0,0,10],"zone":"1"}
{"name":"outOfBounds29","class":"BeamNGTrigger","persistentId":"2c13c913-7f7c-4431-bac9-ee8b4c316c66","__parent":"multiplayer_race_track_long_group","position":[805.070129,318.543579,159.590637],"luaFunction":"onBeamNGTrigger","rotationMatrix":[-0.00150835514,0.999998629,-0.000690532615,-0.999998868,-0.00150835514,1.0417134e-06,1.45519152e-10,0.00069053343,0.999999762],"scale":[2,23.4148293,6],"track":"long","triggerColor":[255,0,0,10],"zone":"6"}
{"name":"outOfBounds9","class":"BeamNGTrigger","persistentId":"361f7962-c2b2-49da-af1a-51e7e0a05ea6","__parent":"multiplayer_race_track_long_group","position":[-115.587296,-448.187164,126.080681],"luaFunction":"onBeamNGTrigger","rotationMatrix":[-0.979384184,0.202006117,-0.000139491982,-0.202006176,-0.979383945,0.00067629735,0,0.000690533197,0.999999762],"scale":[2,38.1397247,6],"track":"long","triggerColor":[255,0,0,10],"zone":"3"}
{"name":"outOfBounds14","class":"BeamNGTrigger","persistentId":"3a6296d9-a2ed-436b-a27e-c93e3abaead1","__parent":"multiplayer_race_track_long_group","position":[-304.211853,-226.658249,121.805222],"luaFunction":"onBeamNGTrigger","rotationMatrix":[-0.954465032,0.298323125,-0.000206002063,-0.298323184,-0.954464793,0.00065908971,-2.18278728e-11,0.000690533256,0.999999762],"scale":[2,38.1397247,6],"track":"long","triggerColor":[255,0,0,10],"zone":"4"}
{"name":"outOfBounds5","class":"BeamNGTrigger","persistentId":"3bb7098c-69d6-4bcb-940f-f78724acd9ed","__parent":"multiplayer_race_track_long_group","position":[21.4607544,-218.360229,127.486221],"luaFunction":"onBeamNGTrigger","rotationMatrix":[-0.987204075,0.159462094,-0.000110113833,-0.159462124,-0.987203836,0.000681697449,1.01863407e-10,0.000690533489,0.999999762],"scale":[2,91.4476929,6],"track":"long","triggerColor":[255,0,0,10],"zone":"1"}
{"name":"outOfBounds12","class":"BeamNGTrigger","persistentId":"3c01a28b-990a-4a56-8ce6-5fe51a7999cd","__parent":"multiplayer_race_track_long_group","position":[-154.427429,-446.524689,126.079529],"luaFunction":"onBeamNGTrigger","rotationMatrix":[-0.0591666698,0.998247862,-0.000689323526,-0.9982481,-0.0591666698,4.08565975e-05,0,0.000690533256,0.999999762],"scale":[2,6.76955605,6],"track":"long","triggerColor":[255,0,0,10],"zone":"3"}
{"name":"outOfBounds30","class":"BeamNGTrigger","persistentId":"3dbc8ba9-8e9b-4f54-9b72-7c5f156969a5","__parent":"multiplayer_race_track_long_group","position":[786.977112,289.127319,161.369675],"luaFunction":"onBeamNGTrigger","rotationMatrix":[0.850301147,0.526296377,-0.00036342541,-0.526296496,0.850300908,-0.000587161165,1.30967237e-10,0.000690533314,0.999999762],"scale":[2,60.0271492,6],"track":"long","triggerColor":[255,0,0,10],"zone":"6"}
{"name":"outOfBounds25","class":"BeamNGTrigger","persistentId":"3e3f8db0-bcf4-4d1f-b405-03034ad10a48","__parent":"multiplayer_race_track_long_group","position":[8.53732109,-640.050842,135.21991],"luaFunction":"onBeamNGTrigger","rotationMatrix":[-0.967070818,0.254505575,0.000649217283,-0.254505455,-0.967071056,0.000235271596,0.000687717344,6.22949883e-05,0.999999762],"scale":[2,25.5626316,6],"track":"long","triggerColor":[255,0,0,10],"zone":"2"}
{"name":"outOfBounds15","class":"BeamNGTrigger","persistentId":"48e2bc62-ef4c-4ba1-99e2-1b371f6b470a","__parent":"multiplayer_race_track_long_group","position":[-290.207275,-202.001877,121.7882],"luaFunction":"onBeamNGTrigger","rotationMatrix":[-0.818475366,0.574541092,-0.000396739779,-0.574541211,-0.818475127,0.000565184397,-5.82076609e-11,0.000690532965,0.999999762],"scale":[2,51.8315353,6],"track":"long","triggerColor":[255,0,0,10],"zone":"4"}
{"name":"outOfBounds13","class":"BeamNGTrigger","persistentId":"4c020d78-ff1d-4120-a72e-a1f2f8e824d6","__parent":"multiplayer_race_track_long_group","position":[-310.419708,-255.742203,121.82531],"luaFunction":"onBeamNGTrigger","rotationMatrix":[-0.99445796,0.105134085,-7.25986029e-05,-0.105134115,-0.994457722,0.000686706277,-7.27595761e-12,0.000690533197,0.999999762],"scale":[2,38.1397247,6],"track":"long","triggerColor":[255,0,0,10],"zone":"4"}
{"name":"outOfBounds27","class":"BeamNGTrigger","persistentId":"4d2f0d16-11b7-4e07-b3e7-295541063396","__parent":"multiplayer_race_track_long_group","position":[882.42572,142.083206,161.17128],"luaFunction":"onBeamNGTrigger","rotationMatrix":[-0.527897239,0.849308074,-0.000586487353,-0.840105712,-0.522278547,-0.146449715,-0.124687232,-0.0768176764,0.989217937],"scale":[2,61.0546074,10.8833027],"track":"long","triggerColor":[255,0,0,10],"zone":"7"}
{"name":"outOfBounds23","class":"BeamNGTrigger","persistentId":"55207296-ff02-4389-9b5d-b9cb411300a2","__parent":"multiplayer_race_track_long_group","position":[155.546951,-482.114136,143.745346],"luaFunction":"onBeamNGTrigger","rotationMatrix":[0.554568887,-0.832137585,0.000574619044,0.832137823,0.554568768,-0.000382948376,5.82076609e-11,0.000690533489,0.999999762],"scale":[2,17.3149643,6],"track":"long","triggerColor":[255,0,0,10],"zone":"0"}
{"name":"outOfBounds16","class":"BeamNGTrigger","persistentId":"5a5c9901-7a00-4871-bb47-959a87065b2f","__parent":"multiplayer_race_track_long_group","position":[350.7453,258.0401,121.402367],"luaFunction":"onBeamNGTrigger","rotationMatrix":[-0.780222058,0.625502527,-0.000431930297,-0.625502646,-0.78022182,0.000538769003,-1.01863407e-10,0.000690533023,0.999999762],"scale":[2,51.8315353,6],"track":"long","triggerColor":[255,0,0,10],"zone":"0"}
{"name":"outOfBounds17","class":"BeamNGTrigger","persistentId":"6268de19-3420-4b6b-b7be-b2c1773c03de","__parent":"multiplayer_race_track_long_group","position":[693.421692,657.752747,132.06105],"luaFunction":"onBeamNGTrigger","rotationMatrix":[-0.539877772,0.84174341,-0.00058125332,-0.839242637,-0.53832674,-0.0766575411,-0.0648388714,-0.040897876,0.997057319],"scale":[2,51.8315353,6],"track":"long","triggerColor":[255,0,0,10],"zone":"5"}
{"name":"outOfBounds8","class":"BeamNGTrigger","persistentId":"6fbe2348-8eca-4103-9bce-f2c4083afafc","__parent":"multiplayer_race_track_long_group","position":[-13.245882,-663.724243,135.226456],"luaFunction":"onBeamNGTrigger","rotationMatrix":[-0.649832368,-0.760077298,0.000524858828,0.760077536,-0.649832129,0.000448730862,2.91038305e-11,0.000690533256,0.999999762],"scale":[2,38.1397247,6],"track":"long","triggerColor":[255,0,0,10],"zone":"2"}
{"name":"outOfBounds6","class":"BeamNGTrigger","persistentId":"7175e416-0e4c-4479-8f8b-b21e625cd69c","__parent":"multiplayer_race_track_long_group","position":[6.29091835,-671.918091,135.232117],"luaFunction":"onBeamNGTrigger","rotationMatrix":[-0.0289316177,-0.999581277,0.000690244313,0.999581516,-0.0289316177,1.99781789e-05,0,0.000690533314,0.999999762],"scale":[2,52.950737,6],"track":"long","triggerColor":[255,0,0,10],"zone":"2"}
{"name":"outOfBounds2","class":"BeamNGTrigger","persistentId":"837e5ebb-760d-453c-8b50-390639c49b4a","__parent":"multiplayer_race_track_long_group","position":[702.027466,-201.263306,148.631866],"luaFunction":"onBeamNGTrigger","rotationMatrix":[0.452819347,0.89160192,-0.000615681289,-0.891602159,0.452819228,-0.000312686781,8.73114914e-11,0.000690533547,0.999999762],"scale":[2,23.4148293,6],"track":"long","triggerColor":[255,0,0,10],"zone":"8"}
{"name":"outOfBounds10","class":"BeamNGTrigger","persistentId":"8b29f983-b56a-4e24-9061-570ec5c1856a","__parent":"multiplayer_race_track_long_group","position":[-130.769485,-410.851105,126.106293],"luaFunction":"onBeamNGTrigger","rotationMatrix":[-0.863707185,0.50399369,-0.000348024478,-0.503993809,-0.863706946,0.000596418511,-1.45519152e-11,0.000690533197,0.999999762],"scale":[2,83.1527863,6],"track":"long","triggerColor":[255,0,0,10],"zone":"3"}
{"name":"outOfBounds18","class":"BeamNGTrigger","persistentId":"a1f0d253-d803-419d-b0f3-7ead5cdcde39","__parent":"multiplayer_race_track_long_group","position":[723.391113,668.887573,133.07576],"luaFunction":"onBeamNGTrigger","rotationMatrix":[-0.112183332,0.993687451,-0.000686174026,-0.993687689,-0.112183332,7.74661894e-05,2.91038305e-11,0.000690533023,0.999999762],"scale":[2,51.8315353,6],"track":"long","triggerColor":[255,0,0,10],"zone":"5"}
{"name":"pitEnter","class":"BeamNGTrigger","persistentId":"a2028ef3-4b2c-4379-84b4-23fa14d3a845","__parent":"multiplayer_race_track_long_group","position":[653.322937,-194.197708,148.010651],"luaFunction":"onBeamNGTrigger","rotationMatrix":[0.727738559,0.685854435,-0.000473605789,-0.685854554,0.72773838,-0.000502527866,1.16415322e-10,0.000690533605,0.999999762],"scale":[2,16.7159138,6],"track":"long","triggerColor":[0,0,255,20],"zone":"0"}
{"name":"lapSplit6","class":"BeamNGTrigger","persistentId":"b4332c7a-a698-48f5-894f-b86c8b3557e9","__parent":"multiplayer_race_track_long_group","position":[720.012207,-150.796753,148.597015],"luaFunction":"onBeamNGTrigger","rotationMatrix":[0.756646454,0.653824091,-0.00045148778,-0.65382421,0.756646276,-0.000522489892,-1.45519152e-11,0.00069053378,0.999999762],"scale":[2,30,6],"track":"long short alt","triggerColor":[255,255,0,10],"zone":"0"}
{"name":"outOfBounds1","class":"BeamNGTrigger","persistentId":"b858b70a-6c85-4ad7-9271-bfeed7511cdc","__parent":"multiplayer_race_track_long_group","position":[657.213501,-224.783234,148.648102],"luaFunction":"onBeamNGTrigger","rotationMatrix":[0.571223378,0.820794344,-0.000566786388,-0.820794582,0.571223259,-0.000394448958,5.82076609e-11,0.000690533663,0.999999762],"scale":[2,23.4148293,6],"track":"long","triggerColor":[255,0,0,10],"zone":"8"}
{"name":"outOfBounds11","class":"BeamNGTrigger","persistentId":"b9106fe2-f3e7-49b6-8b25-414382e5d17d","__parent":"multiplayer_race_track_long_group","position":[-175.492661,-429.971069,126.068108],"luaFunction":"onBeamNGTrigger","rotationMatrix":[-0.675208449,-0.737626553,0.000509355799,0.737626672,-0.675208211,0.000466253841,1.16415322e-10,0.000690533081,0.999999762],"scale":[2,50.176548,6],"track":"long","triggerColor":[255,0,0,10],"zone":"3"}
{"name":"lapSplit2","class":"BeamNGTrigger","persistentId":"b96544ea-0def-4064-8538-7f7972220438","__parent":"multiplayer_race_track_long_group","position":[-76.6626968,-487.696167,127.857803],"luaFunction":"onBeamNGTrigger","rotationMatrix":[0.295294225,-0.95540601,0.00065974053,0.955406249,0.295294106,-0.000203910604,2.91038305e-11,0.000690533896,0.999999762],"scale":[2,28.2612953,6],"track":"long alt","triggerColor":[255,255,0,10],"zone":"0"}
{"name":"outOfBounds26","class":"BeamNGTrigger","persistentId":"b972d1e0-3b5a-4cea-a82b-c7dbf2bf1d2a","__parent":"multiplayer_race_track_long_group","position":[866.212585,121.827362,153.468384],"luaFunction":"onBeamNGTrigger","rotationMatrix":[0.48370111,0.875232935,-0.000604378001,-0.875233173,0.483700991,-0.000334011653,1.16415322e-10,0.000690533547,0.999999762],"scale":[2,23.4148293,6],"track":"long","triggerColor":[255,0,0,10],"zone":"7"}
{"name":"lapSplit5","class":"BeamNGTrigger","persistentId":"c3319866-4ad5-4c30-8eb2-034c8067680d","__parent":"multiplayer_race_track_long_group","position":[824.695007,381.839081,155.051529],"luaFunction":"onBeamNGTrigger","rotationMatrix":[0.849115968,-0.528206348,0.000364744483,0.528206468,0.849115729,-0.000586343289,0,0.000690533838,0.999999762],"scale":[20.8630047,2,6],"track":"long","triggerColor":[255,255,0,10],"zone":"0"}
{"name":"outOfBounds7","class":"BeamNGTrigger","persistentId":"cae066ff-cec1-4ddd-a584-989c0e3921cf","__parent":"multiplayer_race_track_long_group","position":[-31.9283562,-637.900452,135.208618],"luaFunction":"onBeamNGTrigger","rotationMatrix":[-0.932360649,-0.361528873,0.000249647768,0.361528933,-0.932360411,0.000643825973,7.27595761e-11,0.000690533081,0.999999762],"scale":[2,95.7307434,9.12102127],"track":"long","triggerColor":[255,0,0,10],"zone":"2"}
{"name":"outOfBounds20","class":"BeamNGTrigger","persistentId":"cc1ca2ec-d35e-4082-9c18-db8f859c9cac","__parent":"multiplayer_race_track_long_group","position":[730.314575,643.490906,132.018265],"luaFunction":"onBeamNGTrigger","rotationMatrix":[0.997644961,-0.0685896799,4.73635519e-05,0.0685896948,0.997644722,-0.000688906643,-1.05501385e-10,0.000690532848,0.999999762],"scale":[2,15.5493088,6],"track":"long","triggerColor":[255,0,0,10],"zone":"5"}
{"name":"outOfBounds22","class":"BeamNGTrigger","persistentId":"cc632fa4-488c-4444-8cdb-cf2752907a94","__parent":"multiplayer_race_track_long_group","position":[55.1677017,-194.039642,125.73439],"luaFunction":"onBeamNGTrigger","rotationMatrix":[0.789964497,0.613152504,-0.000423402525,-0.613152623,0.789964318,-0.000545497052,1.16415322e-10,0.000690533663,0.999999762],"scale":[2,11.5609646,6],"track":"long","triggerColor":[255,0,0,10],"zone":"1"}
{"name":"startStop","class":"BeamNGTrigger","persistentId":"cdc30d68-80cb-4063-91a9-d61d2f848dc0","__parent":"multiplayer_race_track_long_group","position":[391.283508,-244.705338,146.899811],"luaFunction":"onBeamNGTrigger","rotationMatrix":[0.999981701,-0.00605198881,-2.27373675e-13,0.00605198694,0.999981463,-0.000690533838,4.1791036e-06,0.000690521148,0.999999762],"scale":[2,40.0360413,6],"track":"long short alt","triggerColor":[0,255,0,10],"zone":"0"}
{"name":"outOfBounds19","class":"BeamNGTrigger","persistentId":"d6a3d60e-0c92-44fb-b0c3-6939d0fa1fea","__parent":"multiplayer_race_track_long_group","position":[756.486023,659.133301,134.579391],"luaFunction":"onBeamNGTrigger","rotationMatrix":[0.539474368,0.842001736,-0.000581430038,-0.842001975,0.539474249,-0.000372524897,-1.16415322e-10,0.000690532906,0.999999762],"scale":[2,51.8315353,6],"track":"long","triggerColor":[255,0,0,10],"zone":"5"}
{"name":"outOfBounds24","class":"BeamNGTrigger","persistentId":"dbf2a0d9-57e8-4e99-ada6-da83c1d811dd","__parent":"multiplayer_race_track_long_group","position":[56.9722786,-402.80603,134.261368],"luaFunction":"onBeamNGTrigger","rotationMatrix":[0.706414223,-0.707798481,0.000488758669,0.7077986,0.706414044,-0.000487802521,-2.91038305e-11,0.000690533314,0.999999762],"scale":[2,17.3149643,6],"track":"long","triggerColor":[255,0,0,10],"zone":"0"}
{"name":"outOfBounds4","class":"BeamNGTrigger","persistentId":"e93bb823-54dc-4376-8e15-5e7ffd121709","__parent":"multiplayer_race_track_long_group","position":[39.1573219,-172.107132,127.454292],"luaFunction":"onBeamNGTrigger","rotationMatrix":[-0.632004499,0.774964213,-0.000535138824,-0.774964452,-0.632004261,0.000436420378,5.82076609e-11,0.000690533372,0.999999762],"scale":[2,50.8886757,6],"track":"long","triggerColor":[255,0,0,10],"zone":"1"}
{"name":"lapSplit1","class":"BeamNGTrigger","persistentId":"f8caa1e4-b7de-4261-bb11-a5e93a7524fa","__parent":"multiplayer_race_track_long_group","position":[29.7252064,-222.237289,125.66069],"luaFunction":"onBeamNGTrigger","rotationMatrix":[0.997330308,-0.0730221942,-3.07578302e-05,0.0730221495,0.99733007,-0.000689848559,8.10499696e-05,0.000685760868,0.999999762],"scale":[30.7730846,2,6],"track":"long alt","triggerColor":[255,255,0,10],"zone":"0"}
{"name":"multiplayer_race_track_long_group","class":"SimGroup","persistentId":"3567502a-c9e9-4741-85b3-f107befabe56","groupPosition":"0 0 0"}
{"class":"TSStatic","persistentId":"0237271a-6f5b-432b-b0c2-7cb260074764","__parent":"multiplayer_race_track_long_group","position":[61.1798859,42.567028,119.356735],"isRenderEnabled":false,"mode":"Ignore","rotationMatrix":[-0.809019029,-0.587782085,0,0.587782085,-0.809019029,0,0,0,1],"shapeName":"/levels/west_coast_usa/art/shapes/race/concrete_road_barrier_b.dae"}
{"class":"TSStatic","persistentId":"03b2cebf-93c1-486a-a654-8f153151a9dd","__parent":"multiplayer_race_track_long_group","position":[148.903305,127.580811,119.356735],"isRenderEnabled":false,"mode":"Ignore","rotationMatrix":[0.809019268,0.587782085,0,-0.587782085,0.809019268,0,0,0,1],"shapeName":"/levels/west_coast_usa/art/shapes/race/concrete_road_barrier_a.dae"}
{"class":"TSStatic","persistentId":"0c498ef6-df9e-4288-b9d2-031c75344354","__parent":"multiplayer_race_track_long_group","position":[58.594101,40.6883469,119.356735],"isRenderEnabled":false,"mode":"Ignore","rotationMatrix":[0.809019268,0.587782085,0,-0.587782085,0.809019268,0,0,0,1],"shapeName":"/levels/west_coast_usa/art/shapes/race/concrete_road_barrier_a.dae"}
{"class":"TSStatic","persistentId":"11094edd-6521-4590-822d-81818715e601","__parent":"multiplayer_race_track_long_group","position":[-145.287949,-82.8519287,119.321442],"isRenderEnabled":false,"mode":"Ignore","rotationMatrix":[0.809019268,0.587782085,0,-0.587782085,0.809019268,0,0,0,1],"shapeName":"/levels/west_coast_usa/art/shapes/race/concrete_road_barrier_b.dae"}
{"class":"TSStatic","persistentId":"137c83e1-1aca-444e-a329-53ff2b9b5d09","__parent":"multiplayer_race_track_long_group","position":[74.3236237,72.2228851,119.35672],"isRenderEnabled":false,"mode":"Ignore","rotationMatrix":[0.809019268,0.587782085,0,-0.587782085,0.809019268,0,0,0,1],"shapeName":"/levels/west_coast_usa/art/shapes/race/concrete_road_barrier_a.dae"}
{"class":"TSStatic","persistentId":"1494cc5f-41a8-4d81-a8e7-b17c11ab87e7","__parent":"multiplayer_race_track_long_group","position":[664.416138,638.044556,127.162811],"isRenderEnabled":false,"mode":"Ignore","rotationMatrix":[0.596532941,0.79687947,0.0955593437,-0.802565575,0.591369987,0.078549847,0.00608383119,-0.123550206,0.992319703],"shapeName":"/levels/west_coast_usa/art/shapes/race/concrete_road_barrier_a.dae"}
{"class":"TSStatic","persistentId":"14b93edc-fb26-4a9b-a502-25ae6d94f5fa","__parent":"multiplayer_race_track_long_group","position":[79.4705353,75.962326,119.35672],"isRenderEnabled":false,"mode":"Ignore","rotationMatrix":[0.809019268,0.587782085,0,-0.587782085,0.809019268,0,0,0,1],"shapeName":"/levels/west_coast_usa/art/shapes/race/concrete_road_barrier_a.dae"}
{"class":"TSStatic","persistentId":"2293e8b8-4321-4278-9578-d2f1229b7be5","__parent":"multiplayer_race_track_long_group","position":[216.044403,176.076447,119.356735],"isRenderEnabled":false,"mode":"Ignore","rotationMatrix":[0.809019268,0.587782085,0,-0.587782085,0.809019268,0,0,0,1],"shapeName":"/levels/west_coast_usa/art/shapes/race/concrete_road_barrier_a.dae"}
{"class":"TSStatic","persistentId":"22ffafc7-e760-4382-be94-18099c8181e5","__parent":"multiplayer_race_track_long_group","position":[-134.313553,-74.9164047,119.410576],"isRenderEnabled":false,"mode":"Ignore","rotationMatrix":[0.809019268,0.587782085,0,-0.587782085,0.809019268,0,0,0,1],"shapeName":"/levels/west_coast_usa/art/shapes/race/concrete_road_barrier_a.dae"}
{"class":"TSStatic","persistentId":"24f834ab-1722-4830-8e11-090b6c841480","__parent":"multiplayer_race_track_long_group","position":[666.316589,640.58313,127.467216],"isRenderEnabled":false,"mode":"Ignore","rotationMatrix":[-0.59653312,-0.796879292,-0.0955593213,0.802565515,-0.591370225,-0.0785499439,0.00608388707,-0.123550251,0.992319703],"shapeName":"/levels/west_coast_usa/art/shapes/race/concrete_road_barrier_b.dae"}
{"class":"TSStatic","persistentId":"25fa0301-5229-4120-89f8-e71c6f0329e6","__parent":"multiplayer_race_track_long_group","position":[-136.912247,-76.8044662,119.356728],"isRenderEnabled":false,"mode":"Ignore","rotationMatrix":[0.809019268,0.587782085,0,-0.587782085,0.809019268,0,0,0,1],"shapeName":"/levels/west_coast_usa/art/shapes/race/concrete_road_barrier_a.dae"}
{"class":"TSStatic","persistentId":"2783c995-41a2-425a-8908-4c3be7ad83dd","__parent":"multiplayer_race_track_long_group","position":[-316.15863,-233.969803,119.412643],"isRenderEnabled":false,"mode":"Ignore","rotationMatrix":[0.392925709,0.919570208,0,-0.919570208,0.392925709,0,0,0,1],"shapeName":"/levels/west_coast_usa/art/shapes/race/concrete_road_barrier_a.dae"}
{"class":"TSStatic","persistentId":"27aa151a-be8d-4db4-804a-a77baac7fcc4","__parent":"multiplayer_race_track_long_group","position":[-131.752426,-73.0556412,119.356728],"isRenderEnabled":false,"mode":"Ignore","rotationMatrix":[0.809019268,0.587782085,0,-0.587782085,0.809019268,0,0,0,1],"shapeName":"/levels/west_coast_usa/art/shapes/race/concrete_road_barrier_a.dae"}
{"class":"TSStatic","persistentId":"2ab97599-40f4-4c55-ad6a-1163b43e4b48","__parent":"multiplayer_race_track_long_group","position":[49.5081177,54.5722084,119.356735],"isRenderEnabled":false,"mode":"Ignore","rotationMatrix":[-0.809019029,-0.587782085,0,0.587782085,-0.809019029,0,0,0,1],"shapeName":"/levels/west_coast_usa/art/shapes/race/concrete_road_barrier_b.dae"}
{"class":"TSStatic","persistentId":"2b78e810-2a72-499c-b5af-a8cbec42e9de","__parent":"multiplayer_race_track_long_group","position":[-139.749619,-78.8308792,119.358727],"isRenderEnabled":false,"mode":"Ignore","rotationMatrix":[0.809019268,0.587782085,0,-0.587782085,0.809019268,0,0,0,1],"shapeName":"/levels/west_coast_usa/art/shapes/race/concrete_road_barrier_a.dae"}
{"class":"TSStatic","persistentId":"2fab641a-4b74-4c84-aa10-f992bb1a3b83","__parent":"multiplayer_race_track_long_group","position":[54.8878365,-165.553955,124.650948],"isRenderEnabled":false,"mode":"Ignore","rotationMatrix":[-0.965788007,-0.259332776,0,0.259332776,-0.965788007,0,0,0,1],"shapeName":"/levels/west_coast_usa/art/shapes/race/concrete_road_barrier_a.dae"}
{"class":"TSStatic","persistentId":"2fbac96d-b74d-444e-938a-513e4836b6d5","__parent":"multiplayer_race_track_long_group","position":[363.797516,276.53653,119.3787],"isRenderEnabled":false,"mode":"Ignore","rotationMatrix":[0.663821578,0.747891486,0,-0.747891486,0.663821578,0,0,0,1],"shapeName":"/levels/west_coast_usa/art/shapes/race/concrete_road_barrier_a.dae"}
{"class":"TSStatic","persistentId":"3136ae23-6813-4d35-95b2-00df136d127e","__parent":"multiplayer_race_track_long_group","position":[341.397949,252.790039,119.3787],"isRenderEnabled":false,"mode":"Ignore","rotationMatrix":[0.707967281,0.706245184,0,-0.706245244,0.707967341,0,0,0,1],"shapeName":"/levels/west_coast_usa/art/shapes/race/concrete_road_barrier_a.dae"}
{"class":"TSStatic","persistentId":"34f3cc4e-3ec4-47d7-ac93-15754ef32c66","__parent":"multiplayer_race_track_long_group","position":[357.348206,269.323181,119.3787],"isRenderEnabled":false,"mode":"Ignore","rotationMatrix":[0.681173861,0.732121646,0,-0.732121646,0.681173861,0,0,0,1],"shapeName":"/levels/west_coast_usa/art/shapes/race/concrete_road_barrier_a.dae"}
{"class":"TSStatic","persistentId":"37b7a7d2-b7ab-48bc-86e4-25bf1b78e968","__parent":"multiplayer_race_track_long_group","position":[-4.07216358,15.646637,119.356735],"isRenderEnabled":false,"mode":"Ignore","rotationMatrix":[0.809019268,0.587782085,0,-0.587782085,0.809019268,0,0,0,1],"shapeName":"/levels/west_coast_usa/art/shapes/race/concrete_road_barrier_a.dae"}
{"class":"TSStatic","persistentId":"37f377d5-b5ef-42de-a7de-5487811ff7c0","__parent":"multiplayer_race_track_long_group","position":[346.061035,257.441711,119.3787],"isRenderEnabled":false,"mode":"Ignore","rotationMatrix":[0.707967281,0.706245184,0,-0.706245244,0.707967341,0,0,0,1],"shapeName":"/levels/west_coast_usa/art/shapes/race/concrete_road_barrier_a.dae"}
{"class":"TSStatic","persistentId":"3a0ecfc0-ae29-46cb-88be-09e551c0a262","__parent":"multiplayer_race_track_long_group","position":[46.9223328,52.6935272,119.356735],"isRenderEnabled":false,"mode":"Ignore","rotationMatrix":[0.809019268,0.587782085,0,-0.587782085,0.809019268,0,0,0,1],"shapeName":"/levels/west_coast_usa/art/shapes/race/concrete_road_barrier_a.dae"}
{"class":"TSStatic","persistentId":"3e7943f8-7c6c-4684-a54f-855229c0616b","__parent":"multiplayer_race_track_long_group","position":[48.7282066,-167.49408,124.714935],"isRenderEnabled":false,"mode":"Ignore","rotationMatrix":[-0.941332042,-0.337481678,0,0.337481678,-0.941332042,0,0,0,1],"shapeName":"/levels/west_coast_usa/art/shapes/race/concrete_road_barrier_a.dae"}
{"class":"TSStatic","persistentId":"3fe57d23-79b0-4a74-a855-8d09bc8871c2","__parent":"multiplayer_race_track_long_group","position":[343.731384,255.117889,119.3787],"isRenderEnabled":false,"mode":"Ignore","rotationMatrix":[0.707967281,0.706245184,0,-0.706245244,0.707967341,0,0,0,1],"shapeName":"/levels/west_coast_usa/art/shapes/race/concrete_road_barrier_a.dae"}
{"class":"TSStatic","persistentId":"441daa6c-51df-4573-9dd1-b0cd630bd49f","__parent":"multiplayer_race_track_long_group","position":[51.781147,-166.437469,124.673668],"isRenderEnabled":false,"mode":"Ignore","rotationMatrix":[-0.95913738,-0.282940626,0,0.282940626,-0.95913738,0,0,0,1],"shapeName":"/levels/west_coast_usa/art/shapes/race/concrete_road_barrier_a.dae"}
{"class":"TSStatic","persistentId":"4f417fb8-f1d7-4f54-a34a-8af22f06e9c9","__parent":"multiplayer_race_track_long_group","position":[352.914734,264.558105,119.3787],"isRenderEnabled":false,"mode":"Ignore","rotationMatrix":[0.681173861,0.732121646,0,-0.732121646,0.681173861,0,0,0,1],"shapeName":"/levels/west_coast_usa/art/shapes/race/concrete_road_barrier_a.dae"}
{"class":"TSStatic","persistentId":"560b5969-6547-44c0-8fe7-b7f64968d47f","__parent":"multiplayer_race_track_long_group","position":[658.704956,630.415344,126.247917],"isRenderEnabled":false,"mode":"Ignore","rotationMatrix":[0.596532941,0.79687947,0.0955593437,-0.802565575,0.591369987,0.078549847,0.00608383119,-0.123550206,0.992319703],"shapeName":"/levels/west_coast_usa/art/shapes/race/concrete_road_barrier_a.dae"}
{"class":"TSStatic","persistentId":"5770d8a7-e9f4-4d75-b2ac-84a9b914f2a5","__parent":"multiplayer_race_track_long_group","position":[205.707809,168.566528,119.356735],"isRenderEnabled":false,"mode":"Ignore","rotationMatrix":[0.809019268,0.587782085,0,-0.587782085,0.809019268,0,0,0,1],"shapeName":"/levels/west_coast_usa/art/shapes/race/concrete_road_barrier_b.dae"}
{"class":"TSStatic","persistentId":"5addc820-1fda-4c8a-83c8-e13559c7ea1f","__parent":"multiplayer_race_track_long_group","position":[76.8847504,74.0836487,119.35672],"isRenderEnabled":false,"mode":"Ignore","rotationMatrix":[0.809019268,0.587782085,0,-0.587782085,0.809019268,0,0,0,1],"shapeName":"/levels/west_coast_usa/art/shapes/race/concrete_road_barrier_a.dae"}
{"class":"TSStatic","persistentId":"5ff526ab-f1bf-4a61-94aa-023230a196ae","__parent":"multiplayer_race_track_long_group","position":[41.7625122,48.9447021,119.356735],"isRenderEnabled":false,"mode":"Ignore","rotationMatrix":[0.809019268,0.587782085,0,-0.587782085,0.809019268,0,0,0,1],"shapeName":"/levels/west_coast_usa/art/shapes/race/concrete_road_barrier_b.dae"}
{"class":"TSStatic","persistentId":"61c758ba-4f22-4dcf-bf19-ba1babae144d","__parent":"multiplayer_race_track_long_group","position":[218.621597,177.948883,119.356735],"isRenderEnabled":false,"mode":"Ignore","rotationMatrix":[-0.809019089,-0.587782025,0,0.587782025,-0.809019089,0,0,0,1],"shapeName":"/levels/west_coast_usa/art/shapes/race/concrete_road_barrier_b.dae"}
{"class":"TSStatic","persistentId":"62e4c15c-6343-4722-9c84-d9be891b20ea","__parent":"multiplayer_race_track_long_group","position":[-283.598419,-299.079865,120.042351],"isRenderEnabled":false,"mode":"Ignore","rotationMatrix":[0.778201699,0.628013968,0,-0.628013968,0.778201699,0,0,0,1],"shapeName":"/levels/west_coast_usa/art/shapes/race/concrete_road_barrier_a.dae"}
{"class":"TSStatic","persistentId":"699cad81-19e7-4b68-ba9c-5864556118f9","__parent":"multiplayer_race_track_long_group","position":[365.916199,278.924072,119.383682],"isRenderEnabled":false,"mode":"Ignore","rotationMatrix":[0.663821578,0.747891486,0,-0.747891486,0.663821578,0,0,0,1],"shapeName":"/levels/west_coast_usa/art/shapes/race/concrete_road_barrier_a.dae"}
{"class":"TSStatic","persistentId":"7183f04a-ea5e-4826-ba0f-8f4816eaee74","__parent":"multiplayer_race_track_long_group","position":[-129.166641,-71.1769638,119.356728],"isRenderEnabled":false,"mode":"Ignore","rotationMatrix":[0.809019268,0.587782085,0,-0.587782085,0.809019268,0,0,0,1],"shapeName":"/levels/west_coast_usa/art/shapes/race/concrete_road_barrier_a.dae"}
{"class":"TSStatic","persistentId":"75607b27-82db-4220-83fd-26d329163bfb","__parent":"multiplayer_race_track_long_group","position":[-11.8177671,10.0191307,119.356735],"isRenderEnabled":false,"mode":"Ignore","rotationMatrix":[0.809019268,0.587782085,0,-0.587782085,0.809019268,0,0,0,1],"shapeName":"/levels/west_coast_usa/art/shapes/race/concrete_road_barrier_a.dae"}
{"class":"TSStatic","persistentId":"767f9093-7ae3-4d15-9d74-efeafb64a32a","__parent":"multiplayer_race_track_long_group","position":[339.05249,250.450378,119.3787],"isRenderEnabled":false,"mode":"Ignore","rotationMatrix":[0.707967281,0.706245184,0,-0.706245244,0.707967341,0,0,0,1],"shapeName":"/levels/west_coast_usa/art/shapes/race/concrete_road_barrier_a.dae"}
{"class":"TSStatic","persistentId":"79806be6-47bf-4996-a24a-dce8760061db","__parent":"multiplayer_race_track_long_group","position":[-9.21906471,11.907197,119.356735],"isRenderEnabled":false,"mode":"Ignore","rotationMatrix":[0.809019268,0.587782085,0,-0.587782085,0.809019268,0,0,0,1],"shapeName":"/levels/west_coast_usa/art/shapes/race/concrete_road_barrier_a.dae"}
{"class":"TSStatic","persistentId":"7acd0556-0234-463f-84c0-7c21a73dfc77","__parent":"multiplayer_race_track_long_group","position":[-126.589447,-69.304512,119.356728],"isRenderEnabled":false,"mode":"Ignore","rotationMatrix":[-0.809019089,-0.587782025,0,0.587782025,-0.809019089,0,0,0,1],"shapeName":"/levels/west_coast_usa/art/shapes/race/concrete_road_barrier_b.dae"}
{"class":"TSStatic","persistentId":"7e1a2cc5-c6e8-4f99-91e1-6177058b0859","__parent":"multiplayer_race_track_long_group","position":[355.124268,266.932861,119.3787],"isRenderEnabled":false,"mode":"Ignore","rotationMatrix":[0.681173861,0.732121646,0,-0.732121646,0.681173861,0,0,0,1],"shapeName":"/levels/west_coast_usa/art/shapes/race/concrete_road_barrier_a.dae"}
{"class":"TSStatic","persistentId":"7ea0950c-53b1-48b6-b539-58529fe30a8b","__parent":"multiplayer_race_track_long_group","position":[804.951599,373.16629,154.383804],"isRenderEnabled":false,"mode":"Ignore","rotationMatrix":[0.621334493,0.7808007,-0.0655269474,-0.780705988,0.624027371,0.0329855047,0.0666457117,0.0306622442,0.997305512],"shapeName":"/levels/west_coast_usa/art/shapes/race/concrete_road_barrier_a.dae"}
{"class":"TSStatic","persistentId":"7ec02c8d-d944-41c9-80f3-27a6ec853007","__parent":"multiplayer_race_track_long_group","position":[361.651093,274.118256,119.3787],"isRenderEnabled":false,"mode":"Ignore","rotationMatrix":[0.663821578,0.747891486,0,-0.747891486,0.663821578,0,0,0,1],"shapeName":"/levels/west_coast_usa/art/shapes/race/concrete_road_barrier_a.dae"}
{"class":"TSStatic","persistentId":"803e46b8-146b-4549-b91d-742b2205f278","__parent":"multiplayer_race_track_long_group","position":[58.1224976,-164.783005,124.628212],"isRenderEnabled":false,"mode":"Ignore","rotationMatrix":[-0.980206072,-0.197979406,0,0.197979406,-0.980206072,0,0,0,1],"shapeName":"/levels/west_coast_usa/art/shapes/race/concrete_road_barrier_a.dae"}
{"class":"TSStatic","persistentId":"820fe6ae-2db8-42b0-8392-cf937df54ba3","__parent":"multiplayer_race_track_long_group","position":[660.621094,632.974976,126.554855],"isRenderEnabled":false,"mode":"Ignore","rotationMatrix":[0.596532941,0.79687947,0.0955593437,-0.802565575,0.591369987,0.078549847,0.00608383119,-0.123550206,0.992319703],"shapeName":"/levels/west_coast_usa/art/shapes/race/concrete_road_barrier_a.dae"}
{"class":"TSStatic","persistentId":"82a27fe5-f7d0-489b-af53-e16bf93ef8b1","__parent":"multiplayer_race_track_long_group","position":[208.298798,170.44899,119.356735],"isRenderEnabled":false,"mode":"Ignore","rotationMatrix":[0.809019268,0.587782085,0,-0.587782085,0.809019268,0,0,0,1],"shapeName":"/levels/west_coast_usa/art/shapes/race/concrete_road_barrier_a.dae"}
{"class":"TSStatic","persistentId":"85bbf375-b5a3-435d-97e4-fcfdb46ea417","__parent":"multiplayer_race_track_long_group","position":[71.7249298,70.3348236,119.35672],"isRenderEnabled":false,"mode":"Ignore","rotationMatrix":[0.809019268,0.587782085,0,-0.587782085,0.809019268,0,0,0,1],"shapeName":"/levels/west_coast_usa/art/shapes/race/concrete_road_barrier_b.dae"}
{"class":"TSStatic","persistentId":"896a0d84-6702-403d-921d-99ab5ec53e75","__parent":"multiplayer_race_track_long_group","position":[662.509705,635.49762,126.857376],"isRenderEnabled":false,"mode":"Ignore","rotationMatrix":[0.596532941,0.79687947,0.0955593437,-0.802565575,0.591369987,0.078549847,0.00608383119,-0.123550206,0.992319703],"shapeName":"/levels/west_coast_usa/art/shapes/race/concrete_road_barrier_a.dae"}
{"class":"TSStatic","persistentId":"92c40fec-0a52-416a-895d-ec145b5c2fda","__parent":"multiplayer_race_track_long_group","position":[45.8217735,-168.679245,124.734642],"isRenderEnabled":false,"mode":"Ignore","rotationMatrix":[0.911005437,0.412394375,0,-0.412394375,0.911005437,0,0,0,1],"shapeName":"/levels/west_coast_usa/art/shapes/race/concrete_road_barrier_b.dae"}
{"class":"TSStatic","persistentId":"96bcffa4-32c5-4d50-89a8-c1b108d9fe12","__parent":"multiplayer_race_track_long_group","position":[-1.49495769,17.5190868,119.356735],"isRenderEnabled":false,"mode":"Ignore","rotationMatrix":[-0.809019089,-0.587782025,0,0.587782025,-0.809019089,0,0,0,1],"shapeName":"/levels/west_coast_usa/art/shapes/race/concrete_road_barrier_b.dae"}
{"class":"TSStatic","persistentId":"98fa7d04-ae25-4a46-95ad-64d0fbd76868","__parent":"multiplayer_race_track_long_group","position":[331.83252,243.557175,119.378708],"isRenderEnabled":false,"mode":"Ignore","rotationMatrix":[0.740623891,0.671919942,0,-0.671919942,0.740623832,0,0,0,1],"shapeName":"/levels/west_coast_usa/art/shapes/race/concrete_road_barrier_b.dae"}
{"class":"TSStatic","persistentId":"9bac6b6d-31ac-4e1b-9bcf-61f1cbab2713","__parent":"multiplayer_race_track_long_group","position":[798.959351,365.630432,155.08992],"isRenderEnabled":false,"mode":"Ignore","rotationMatrix":[0.621334493,0.7808007,-0.0655269474,-0.780705988,0.624027371,0.0329855047,0.0666457117,0.0306622442,0.997305512],"shapeName":"/levels/west_coast_usa/art/shapes/race/concrete_road_barrier_b.dae"}
{"class":"TSStatic","persistentId":"9cb1f209-2849-48e3-bb1a-92f6e6deb25c","__parent":"multiplayer_race_track_long_group","position":[-314.896515,-231.033661,119.345535],"isRenderEnabled":false,"mode":"Ignore","rotationMatrix":[0.392925739,0.919181347,-0.0267422423,-0.919570208,0.392759532,-0.0114267664,9.31322575e-10,0.0290812403,0.999577045],"shapeName":"/levels/west_coast_usa/art/shapes/race/concrete_road_barrier_a.dae"}
{"class":"TSStatic","persistentId":"aa30c0cf-6eeb-4158-9893-0a93313bdf13","__parent":"multiplayer_race_track_long_group","position":[336.701172,248.104767,119.3787],"isRenderEnabled":false,"mode":"Ignore","rotationMatrix":[0.707967281,0.706245184,0,-0.706245244,0.707967341,0,0,0,1],"shapeName":"/levels/west_coast_usa/art/shapes/race/concrete_road_barrier_a.dae"}
{"class":"TSStatic","persistentId":"ad1b6904-fe7f-47d1-a77d-3a0285de4753","__parent":"multiplayer_race_track_long_group","position":[802.960876,370.658447,154.621628],"isRenderEnabled":false,"mode":"Ignore","rotationMatrix":[0.621334493,0.7808007,-0.0655269474,-0.780705988,0.624027371,0.0329855047,0.0666457117,0.0306622442,0.997305512],"shapeName":"/levels/west_coast_usa/art/shapes/race/concrete_road_barrier_a.dae"}
{"class":"TSStatic","persistentId":"ad236bbb-1810-4030-ba63-585018e45b41","__parent":"multiplayer_race_track_long_group","position":[143.743484,123.831985,119.356735],"isRenderEnabled":false,"mode":"Ignore","rotationMatrix":[0.809019268,0.587782085,0,-0.587782085,0.809019268,0,0,0,1],"shapeName":"/levels/west_coast_usa/art/shapes/race/concrete_road_barrier_a.dae"}
{"class":"TSStatic","persistentId":"afa3314c-4426-48db-82c4-33451d43b03e","__parent":"multiplayer_race_track_long_group","position":[82.1434326,77.9043045,119.35672],"isRenderEnabled":false,"mode":"Ignore","rotationMatrix":[-0.80901897,-0.587781906,0,0.587781906,-0.80901897,0,0,0,1],"shapeName":"/levels/west_coast_usa/art/shapes/race/concrete_road_barrier_b.dae"}
{"class":"TSStatic","persistentId":"aff463a6-0045-4eb0-8905-030a31745fed","__parent":"multiplayer_race_track_long_group","position":[-14.4087572,8.13666725,119.356735],"isRenderEnabled":false,"mode":"Ignore","rotationMatrix":[0.809019268,0.587782085,0,-0.587782085,0.809019268,0,0,0,1],"shapeName":"/levels/west_coast_usa/art/shapes/race/concrete_road_barrier_b.dae"}
{"class":"TSStatic","persistentId":"b06544b2-4f2a-46db-a883-0739defa41e6","__parent":"multiplayer_race_track_long_group","position":[213.458618,174.197815,119.356735],"isRenderEnabled":false,"mode":"Ignore","rotationMatrix":[0.809019268,0.587782085,0,-0.587782085,0.809019268,0,0,0,1],"shapeName":"/levels/west_coast_usa/art/shapes/race/concrete_road_barrier_a.dae"}
{"class":"TSStatic","persistentId":"b3568390-10f9-401c-8327-4e2a6ba12a8c","__parent":"multiplayer_race_track_long_group","position":[-142.44725,-80.7857742,119.33358],"isRenderEnabled":false,"mode":"Ignore","rotationMatrix":[0.809019268,0.587782085,0,-0.587782085,0.809019268,0,0,0,1],"shapeName":"/levels/west_coast_usa/art/shapes/race/concrete_road_barrier_a.dae"}
