{"name":"outOfBounds28","class":"BeamNGTrigger","persistentId":"01d96aa2-df32-4c4f-a81d-6eca8497ca3a","__parent":"multiplayer_race_track_short_group","position":[859.578003,161.91687,161.087784],"luaFunction":"onBeamNGTrigger","rotationMatrix":[0.230908036,0.972975314,-0.000671872171,-0.972975552,0.230908036,-0.000159449555,1.74622983e-10,0.00069053343,0.999999762],"scale":[2,23.4148293,6],"track":"long","triggerColor":[255,0,0,10],"zone":"7"}
{"name":"outOfBounds21","class":"BeamNGTrigger","persistentId":"07309a14-6ba0-4f19-b339-43414b6f897e","__parent":"multiplayer_race_track_short_group","position":[56.5015907,37.3354454,121.554787],"luaFunction":"onBeamNGTrigger","rotationMatrix":[-0.57521069,0.818004966,-0.000564859656,-0.818005204,-0.575210452,0.000397202006,-5.82076609e-11,0.000690533081,0.999999762],"scale":[2,51.8315353,6],"track":"long","triggerColor":[255,0,0,10],"zone":"0"}
{"name":"outOfBounds36","class":"BeamNGTrigger","persistentId":"167a7cac-eeb2-4076-8529-dfa75e171898","__parent":"multiplayer_race_track_short_group","position":[593.501465,154.723801,147.720062],"luaFunction":"onBeamNGTrigger","rotationMatrix":[0.997933209,-0.064256005,-0.000690532324,0.0642560199,0.997933447,1.0416461e-06,0.000689038367,-4.54103574e-05,0.999999762],"scale":[2,23.4148293,6],"track":"long","triggerColor":[255,0,0,10],"zone":"6"}
{"name":"outOfBounds31","class":"BeamNGTrigger","persistentId":"193612cc-1cfd-45c9-a11b-bd952b53ebf5","__parent":"multiplayer_race_track_short_group","position":[777.531128,321.039124,160.515503],"luaFunction":"onBeamNGTrigger","rotationMatrix":[-0.997708082,0.0676612854,-4.67222453e-05,-0.0676613003,-0.997707844,0.00068895088,1.45519152e-10,0.000690533314,0.999999762],"scale":[2,31.4478893,6],"track":"long","triggerColor":[255,0,0,10],"zone":"6"}
{"name":"pitExit","class":"BeamNGTrigger","persistentId":"19b497c8-fc45-4c24-8d09-1e7f40417569","__parent":"multiplayer_race_track_short_group","position":[286.720856,-224.950516,143.650223],"luaFunction":"onBeamNGTrigger","rotationMatrix":[0.978852272,-0.204568371,0.000141261204,0.204568431,0.978852034,-0.000675930351,1.45519152e-10,0.000690533489,0.999999762],"scale":[2,16.7159138,6],"track":"long","triggerColor":[0,0,255,20],"zone":"0"}
{"name":"outOfBounds5","class":"BeamNGTrigger","persistentId":"1cf891a3-74f0-4578-b0ec-21148943d194","__parent":"multiplayer_race_track_short_group","position":[779.334412,392.333435,154.647018],"luaFunction":"onBeamNGTrigger","rotationMatrix":[0.402036905,-0.915623128,-0.000690532383,0.915623367,0.402037024,1.0416552e-06,0.000276665727,-0.000632686424,0.999999762],"scale":[2,23.4148293,6],"track":"long","triggerColor":[255,0,0,10],"zone":"6"}
{"name":"outOfBounds29","class":"BeamNGTrigger","persistentId":"2c13c913-7f7c-4431-bac9-ee8b4c316c66","__parent":"multiplayer_race_track_short_group","position":[805.070129,318.543579,159.590637],"luaFunction":"onBeamNGTrigger","rotationMatrix":[-0.00150835514,0.999998629,-0.000690532615,-0.999998868,-0.00150835514,1.0417134e-06,1.45519152e-10,0.00069053343,0.999999762],"scale":[2,23.4148293,6],"track":"long","triggerColor":[255,0,0,10],"zone":"6"}
{"name":"outOfBounds4","class":"BeamNGTrigger","persistentId":"35deb6e2-ffcf-4c22-a930-9f20667c8797","__parent":"multiplayer_race_track_short_group","position":[750.432007,397.574127,154.647018],"luaFunction":"onBeamNGTrigger","rotationMatrix":[0.822107196,0.569332302,-0.000690532557,-0.569332421,0.822107434,1.0416552e-06,0.000568284944,0.000392286194,0.999999762],"scale":[2,23.4148293,6],"track":"long","triggerColor":[255,0,0,10],"zone":"6"}
{"name":"outOfBounds9","class":"BeamNGTrigger","persistentId":"361f7962-c2b2-49da-af1a-51e7e0a05ea6","__parent":"multiplayer_race_track_short_group","position":[-115.587296,-448.187164,126.080681],"luaFunction":"onBeamNGTrigger","rotationMatrix":[-0.979384184,0.202006117,-0.000139491982,-0.202006176,-0.979383945,0.00067629735,0,0.000690533197,0.999999762],"scale":[2,38.1397247,6],"track":"long","triggerColor":[255,0,0,10],"zone":"3"}
{"name":"outOfBounds14","class":"BeamNGTrigger","persistentId":"3a6296d9-a2ed-436b-a27e-c93e3abaead1","__parent":"multiplayer_race_track_short_group","position":[-304.211853,-226.658249,121.805222],"luaFunction":"onBeamNGTrigger","rotationMatrix":[-0.954465032,0.298323125,-0.000206002063,-0.298323184,-0.954464793,0.00065908971,-2.18278728e-11,0.000690533256,0.999999762],"scale":[2,38.1397247,6],"track":"long","triggerColor":[255,0,0,10],"zone":"4"}
{"name":"outOfBounds12","class":"BeamNGTrigger","persistentId":"3c01a28b-990a-4a56-8ce6-5fe51a7999cd","__parent":"multiplayer_race_track_short_group","position":[-154.427429,-446.524689,126.079529],"luaFunction":"onBeamNGTrigger","rotationMatrix":[-0.0591666698,0.998247862,-0.000689323526,-0.9982481,-0.0591666698,4.08565975e-05,0,0.000690533256,0.999999762],"scale":[2,6.76955605,6],"track":"long","triggerColor":[255,0,0,10],"zone":"3"}
{"name":"outOfBounds30","class":"BeamNGTrigger","persistentId":"3dbc8ba9-8e9b-4f54-9b72-7c5f156969a5","__parent":"multiplayer_race_track_short_group","position":[786.977112,289.127319,161.369675],"luaFunction":"onBeamNGTrigger","rotationMatrix":[0.850301147,0.526296377,-0.00036342541,-0.526296496,0.850300908,-0.000587161165,1.30967237e-10,0.000690533314,0.999999762],"scale":[2,60.0271492,6],"track":"long","triggerColor":[255,0,0,10],"zone":"6"}
{"name":"outOfBounds25","class":"BeamNGTrigger","persistentId":"3e3f8db0-bcf4-4d1f-b405-03034ad10a48","__parent":"multiplayer_race_track_short_group","position":[8.53732109,-640.050842,135.21991],"luaFunction":"onBeamNGTrigger","rotationMatrix":[-0.967070818,0.254505575,0.000649217283,-0.254505455,-0.967071056,0.000235271596,0.000687717344,6.22949883e-05,0.999999762],"scale":[2,25.5626316,6],"track":"long","triggerColor":[255,0,0,10],"zone":"2"}
{"name":"outOfBounds15","class":"BeamNGTrigger","persistentId":"48e2bc62-ef4c-4ba1-99e2-1b371f6b470a","__parent":"multiplayer_race_track_short_group","position":[-290.207275,-202.001877,121.7882],"luaFunction":"onBeamNGTrigger","rotationMatrix":[-0.818475366,0.574541092,-0.000396739779,-0.574541211,-0.818475127,0.000565184397,-5.82076609e-11,0.000690532965,0.999999762],"scale":[2,51.8315353,6],"track":"long","triggerColor":[255,0,0,10],"zone":"4"}
{"name":"outOfBounds13","class":"BeamNGTrigger","persistentId":"4c020d78-ff1d-4120-a72e-a1f2f8e824d6","__parent":"multiplayer_race_track_short_group","position":[-310.419708,-255.742203,121.82531],"luaFunction":"onBeamNGTrigger","rotationMatrix":[-0.99445796,0.105134085,-7.25986029e-05,-0.105134115,-0.994457722,0.000686706277,-7.27595761e-12,0.000690533197,0.999999762],"scale":[2,38.1397247,6],"track":"long","triggerColor":[255,0,0,10],"zone":"4"}
{"name":"outOfBounds27","class":"BeamNGTrigger","persistentId":"4d2f0d16-11b7-4e07-b3e7-295541063396","__parent":"multiplayer_race_track_short_group","position":[882.42572,142.083206,161.17128],"luaFunction":"onBeamNGTrigger","rotationMatrix":[-0.527897239,0.849308074,-0.000586487353,-0.840105712,-0.522278547,-0.146449715,-0.124687232,-0.0768176764,0.989217937],"scale":[2,61.0546074,10.8833027],"track":"long","triggerColor":[255,0,0,10],"zone":"7"}
{"name":"outOfBounds23","class":"BeamNGTrigger","persistentId":"55207296-ff02-4389-9b5d-b9cb411300a2","__parent":"multiplayer_race_track_short_group","position":[155.546951,-482.114136,143.745346],"luaFunction":"onBeamNGTrigger","rotationMatrix":[0.554568887,-0.832137585,0.000574619044,0.832137823,0.554568768,-0.000382948376,5.82076609e-11,0.000690533489,0.999999762],"scale":[2,17.3149643,6],"track":"long","triggerColor":[255,0,0,10],"zone":"0"}
{"name":"outOfBounds16","class":"BeamNGTrigger","persistentId":"5a5c9901-7a00-4871-bb47-959a87065b2f","__parent":"multiplayer_race_track_short_group","position":[350.7453,258.0401,121.402367],"luaFunction":"onBeamNGTrigger","rotationMatrix":[-0.780222058,0.625502527,-0.000431930297,-0.625502646,-0.78022182,0.000538769003,-1.01863407e-10,0.000690533023,0.999999762],"scale":[2,51.8315353,6],"track":"long","triggerColor":[255,0,0,10],"zone":"0"}
{"name":"lapSplit1","class":"BeamNGTrigger","persistentId":"5d959a26-56f2-480a-9b9c-b9c858d4e9e0","__parent":"multiplayer_race_track_short_group","position":[145.45787,-92.8404388,130.585678],"luaFunction":"onBeamNGTrigger","rotationMatrix":[0.310670733,-0.950517297,0.000626647845,0.950517535,0.310670614,-0.000290085212,8.1050006e-05,0.00068576081,0.999999762],"scale":[30.7730846,2,6],"track":"short alt","triggerColor":[255,255,0,10],"zone":"0"}
{"name":"outOfBounds17","class":"BeamNGTrigger","persistentId":"6268de19-3420-4b6b-b7be-b2c1773c03de","__parent":"multiplayer_race_track_short_group","position":[693.421692,657.752747,132.06105],"luaFunction":"onBeamNGTrigger","rotationMatrix":[-0.539877772,0.84174341,-0.00058125332,-0.839242637,-0.53832674,-0.0766575411,-0.0648388714,-0.040897876,0.997057319],"scale":[2,51.8315353,6],"track":"long","triggerColor":[255,0,0,10],"zone":"5"}
{"name":"outOfBounds8","class":"BeamNGTrigger","persistentId":"6fbe2348-8eca-4103-9bce-f2c4083afafc","__parent":"multiplayer_race_track_short_group","position":[-13.245882,-663.724243,135.226456],"luaFunction":"onBeamNGTrigger","rotationMatrix":[-0.649832368,-0.760077298,0.000524858828,0.760077536,-0.649832129,0.000448730862,2.91038305e-11,0.000690533256,0.999999762],"scale":[2,38.1397247,6],"track":"long","triggerColor":[255,0,0,10],"zone":"2"}
{"name":"lapSplit2","class":"BeamNGTrigger","persistentId":"70b9ed8d-117f-4349-9433-c3e124a48619","__parent":"multiplayer_race_track_short_group","position":[712.692566,366.191315,154.233963],"luaFunction":"onBeamNGTrigger","rotationMatrix":[0.917191684,-0.398446172,0.000198900496,0.398446232,0.917191446,-0.000661268132,8.10499841e-05,0.000685760751,0.999999762],"scale":[30.7730846,2,6],"track":"short alt","triggerColor":[255,255,0,10],"zone":"0"}
{"name":"outOfBounds6","class":"BeamNGTrigger","persistentId":"7175e416-0e4c-4479-8f8b-b21e625cd69c","__parent":"multiplayer_race_track_short_group","position":[6.29091835,-671.918091,135.232117],"luaFunction":"onBeamNGTrigger","rotationMatrix":[-0.0289316177,-0.999581277,0.000690244313,0.999581516,-0.0289316177,1.99781789e-05,0,0.000690533314,0.999999762],"scale":[2,52.950737,6],"track":"long","triggerColor":[255,0,0,10],"zone":"2"}
{"name":"outOfBounds35","class":"BeamNGTrigger","persistentId":"7c1e7da7-a135-4d08-b7c7-59a6800699aa","__parent":"multiplayer_race_track_short_group","position":[685.626526,143.607071,150.273819],"luaFunction":"onBeamNGTrigger","rotationMatrix":[0.87805593,0.478557527,-0.000690532441,-0.478557646,0.878056169,1.04161154e-06,0.000606824702,0.000329544942,0.999999762],"scale":[2,23.4148293,6],"track":"long","triggerColor":[255,0,0,10],"zone":"6"}
{"name":"outOfBounds2","class":"BeamNGTrigger","persistentId":"837e5ebb-760d-453c-8b50-390639c49b4a","__parent":"multiplayer_race_track_short_group","position":[702.027466,-201.263306,148.631866],"luaFunction":"onBeamNGTrigger","rotationMatrix":[0.452819347,0.89160192,-0.000615681289,-0.891602159,0.452819228,-0.000312686781,8.73114914e-11,0.000690533547,0.999999762],"scale":[2,23.4148293,6],"track":"long","triggerColor":[255,0,0,10],"zone":"8"}
{"name":"outOfBounds10","class":"BeamNGTrigger","persistentId":"8b29f983-b56a-4e24-9061-570ec5c1856a","__parent":"multiplayer_race_track_short_group","position":[-130.769485,-410.851105,126.106293],"luaFunction":"onBeamNGTrigger","rotationMatrix":[-0.863707185,0.50399369,-0.000348024478,-0.503993809,-0.863706946,0.000596418511,-1.45519152e-11,0.000690533197,0.999999762],"scale":[2,83.1527863,6],"track":"long","triggerColor":[255,0,0,10],"zone":"3"}
{"name":"outOfBounds18","class":"BeamNGTrigger","persistentId":"a1f0d253-d803-419d-b0f3-7ead5cdcde39","__parent":"multiplayer_race_track_short_group","position":[723.391113,668.887573,133.07576],"luaFunction":"onBeamNGTrigger","rotationMatrix":[-0.112183332,0.993687451,-0.000686174026,-0.993687689,-0.112183332,7.74661894e-05,2.91038305e-11,0.000690533023,0.999999762],"scale":[2,51.8315353,6],"track":"long","triggerColor":[255,0,0,10],"zone":"5"}
{"name":"pitEnter","class":"BeamNGTrigger","persistentId":"a2028ef3-4b2c-4379-84b4-23fa14d3a845","__parent":"multiplayer_race_track_short_group","position":[653.322937,-194.197708,148.010651],"luaFunction":"onBeamNGTrigger","rotationMatrix":[0.727738559,0.685854435,-0.000473605789,-0.685854554,0.72773838,-0.000502527866,1.16415322e-10,0.000690533605,0.999999762],"scale":[2,16.7159138,6],"track":"long","triggerColor":[0,0,255,20],"zone":"0"}
{"name":"outOfBounds33","class":"BeamNGTrigger","persistentId":"a3b2408b-9b43-4c71-b87c-f9440973e30c","__parent":"multiplayer_race_track_short_group","position":[70.179718,-116.653137,129.562866],"luaFunction":"onBeamNGTrigger","rotationMatrix":[0.644390702,-0.764696181,0.000528048375,0.764696419,0.644390464,-0.000444973237,8.73114914e-11,0.000690533314,0.999999762],"scale":[2,50.8886757,6],"track":"short","triggerColor":[255,0,0,10],"zone":"9"}
{"name":"lapSplit3","class":"BeamNGTrigger","persistentId":"b4332c7a-a698-48f5-894f-b86c8b3557e9","__parent":"multiplayer_race_track_short_group","position":[720.012207,-150.796753,148.597015],"luaFunction":"onBeamNGTrigger","rotationMatrix":[0.756646454,0.653824091,-0.00045148778,-0.65382421,0.756646276,-0.000522489892,-1.45519152e-11,0.00069053378,0.999999762],"scale":[2,30,6],"track":"long short alt","triggerColor":[255,255,0,10],"zone":"0"}
{"name":"outOfBounds1","class":"BeamNGTrigger","persistentId":"b858b70a-6c85-4ad7-9271-bfeed7511cdc","__parent":"multiplayer_race_track_short_group","position":[657.213501,-224.783234,148.648102],"luaFunction":"onBeamNGTrigger","rotationMatrix":[0.571223378,0.820794344,-0.000566786388,-0.820794582,0.571223259,-0.000394448958,5.82076609e-11,0.000690533663,0.999999762],"scale":[2,23.4148293,6],"track":"long","triggerColor":[255,0,0,10],"zone":"8"}
{"name":"outOfBounds11","class":"BeamNGTrigger","persistentId":"b9106fe2-f3e7-49b6-8b25-414382e5d17d","__parent":"multiplayer_race_track_short_group","position":[-175.492661,-429.971069,126.068108],"luaFunction":"onBeamNGTrigger","rotationMatrix":[-0.675208449,-0.737626553,0.000509355799,0.737626672,-0.675208211,0.000466253841,1.16415322e-10,0.000690533081,0.999999762],"scale":[2,50.176548,6],"track":"long","triggerColor":[255,0,0,10],"zone":"3"}
{"name":"outOfBounds26","class":"BeamNGTrigger","persistentId":"b972d1e0-3b5a-4cea-a82b-c7dbf2bf1d2a","__parent":"multiplayer_race_track_short_group","position":[866.212585,121.827362,153.468384],"luaFunction":"onBeamNGTrigger","rotationMatrix":[0.48370111,0.875232935,-0.000604378001,-0.875233173,0.483700991,-0.000334011653,1.16415322e-10,0.000690533547,0.999999762],"scale":[2,23.4148293,6],"track":"long","triggerColor":[255,0,0,10],"zone":"7"}
{"name":"outOfBounds7","class":"BeamNGTrigger","persistentId":"cae066ff-cec1-4ddd-a584-989c0e3921cf","__parent":"multiplayer_race_track_short_group","position":[-31.9283562,-637.900452,135.208618],"luaFunction":"onBeamNGTrigger","rotationMatrix":[-0.932360649,-0.361528873,0.000249647768,0.361528933,-0.932360411,0.000643825973,7.27595761e-11,0.000690533081,0.999999762],"scale":[2,95.7307434,9.12102127],"track":"long","triggerColor":[255,0,0,10],"zone":"2"}
{"name":"outOfBounds20","class":"BeamNGTrigger","persistentId":"cc1ca2ec-d35e-4082-9c18-db8f859c9cac","__parent":"multiplayer_race_track_short_group","position":[730.314575,643.490906,132.018265],"luaFunction":"onBeamNGTrigger","rotationMatrix":[0.997644961,-0.0685896799,4.73635519e-05,0.0685896948,0.997644722,-0.000688906643,-1.05501385e-10,0.000690532848,0.999999762],"scale":[2,15.5493088,6],"track":"long","triggerColor":[255,0,0,10],"zone":"5"}
{"name":"outOfBounds22","class":"BeamNGTrigger","persistentId":"cc632fa4-488c-4444-8cdb-cf2752907a94","__parent":"multiplayer_race_track_short_group","position":[55.1677017,-194.039642,125.73439],"luaFunction":"onBeamNGTrigger","rotationMatrix":[0.789964497,0.613152504,-0.000423402525,-0.613152623,0.789964318,-0.000545497052,1.16415322e-10,0.000690533663,0.999999762],"scale":[2,11.5609646,6],"track":"long","triggerColor":[255,0,0,10],"zone":"1"}
{"name":"startStop","class":"BeamNGTrigger","persistentId":"cdc30d68-80cb-4063-91a9-d61d2f848dc0","__parent":"multiplayer_race_track_short_group","position":[391.283508,-244.705338,146.899811],"luaFunction":"onBeamNGTrigger","rotationMatrix":[0.999981701,-0.00605198881,-2.27373675e-13,0.00605198694,0.999981463,-0.000690533838,4.1791036e-06,0.000690521148,0.999999762],"scale":[2,40.0360413,6],"track":"long short alt","triggerColor":[0,255,0,10],"zone":"0"}
{"name":"outOfBounds32","class":"BeamNGTrigger","persistentId":"d37a43c8-3b97-4ed0-955c-2fa190095e65","__parent":"multiplayer_race_track_short_group","position":[54.3828697,-172.833984,127.454788],"luaFunction":"onBeamNGTrigger","rotationMatrix":[0.933135927,0.359523624,-0.000248263241,-0.359523684,0.933135748,-0.000644361484,1.30967237e-10,0.00069053343,0.999999762],"scale":[2,50.8886757,6],"track":"short","triggerColor":[255,0,0,10],"zone":"9"}
{"name":"outOfBounds19","class":"BeamNGTrigger","persistentId":"d6a3d60e-0c92-44fb-b0c3-6939d0fa1fea","__parent":"multiplayer_race_track_short_group","position":[756.486023,659.133301,134.579391],"luaFunction":"onBeamNGTrigger","rotationMatrix":[0.539474368,0.842001736,-0.000581430038,-0.842001975,0.539474249,-0.000372524897,-1.16415322e-10,0.000690532906,0.999999762],"scale":[2,51.8315353,6],"track":"long","triggerColor":[255,0,0,10],"zone":"5"}
{"name":"outOfBounds3","class":"BeamNGTrigger","persistentId":"d783a5f2-f74a-45fc-9833-8c47b71383c7","__parent":"multiplayer_race_track_short_group","position":[763.859497,402.109863,154.647018],"luaFunction":"onBeamNGTrigger","rotationMatrix":[0.993344665,-0.115177609,-0.000690532499,0.115177639,0.993344903,1.04165156e-06,0.00068581698,-8.05686286e-05,0.999999762],"scale":[2,23.4148293,6],"track":"long","triggerColor":[255,0,0,10],"zone":"6"}
{"name":"outOfBounds24","class":"BeamNGTrigger","persistentId":"dbf2a0d9-57e8-4e99-ada6-da83c1d811dd","__parent":"multiplayer_race_track_short_group","position":[56.9722786,-402.80603,134.261368],"luaFunction":"onBeamNGTrigger","rotationMatrix":[0.706414223,-0.707798481,0.000488758669,0.7077986,0.706414044,-0.000487802521,-2.91038305e-11,0.000690533314,0.999999762],"scale":[2,17.3149643,6],"track":"long","triggerColor":[255,0,0,10],"zone":"0"}
{"name":"outOfBounds34","class":"BeamNGTrigger","persistentId":"f9355ee4-e591-452c-94c4-08f717e9f9a5","__parent":"multiplayer_race_track_short_group","position":[110.422585,-97.1495132,129.960739],"luaFunction":"onBeamNGTrigger","rotationMatrix":[0.351341665,-0.936246991,0.00064650987,0.93624723,0.351341546,-0.000242613038,0,0.000690533197,0.999999762],"scale":[2,77.1546326,6],"track":"short","triggerColor":[255,0,0,10],"zone":"9"}
{"name":"multiplayer_race_track_short_group","class":"SimGroup","persistentId":"163392cb-c2c2-41b4-891b-ed82851ee2de","groupPosition":"0 0 0"}
{"class":"TSStatic","persistentId":"02257258-b41e-4fb8-8ac2-ef87ad99730f","__parent":"multiplayer_race_track_short_group","position":[67.905983,-117.221558,127.554703],"isRenderEnabled":false,"mode":"Ignore","rotationMatrix":[0.889994562,0.455972016,0,-0.455972016,0.889994562,0,0,0,1],"shapeName":"/levels/west_coast_usa/art/shapes/race/concrete_road_barrier_a.dae"}
{"class":"TSStatic","persistentId":"20b60d9d-c5d8-4795-8ccd-4d001fd0f562","__parent":"multiplayer_race_track_short_group","position":[815.316284,366.056793,154.544525],"isRenderEnabled":false,"mode":"Ignore","rotationMatrix":[0.264754593,-0.964043081,0.0229458101,0.964296699,0.264824241,0,-0.00607660506,0.0221265592,0.999736786],"shapeName":"/levels/west_coast_usa/art/shapes/race/concrete_road_barrier_a.dae"}
{"class":"TSStatic","persistentId":"25f0eafc-6ccb-40fc-a824-645ce91fecda","__parent":"multiplayer_race_track_short_group","position":[45.764431,-156.524368,125.314163],"isRenderEnabled":false,"mode":"Ignore","rotationMatrix":[-0.138833046,-0.989557266,-0.0387487374,0.990301073,-0.138937399,0,-0.00538364891,-0.0383729152,0.999248922],"shapeName":"/levels/west_coast_usa/art/shapes/race/concrete_road_barrier_a.dae"}
{"class":"TSStatic","persistentId":"28efaece-3ea9-4d65-8e53-d8e83949e23d","__parent":"multiplayer_race_track_short_group","position":[65.0379562,-118.690941,127.554703],"isRenderEnabled":false,"mode":"Ignore","rotationMatrix":[0.889994562,0.455972016,0,-0.455972016,0.889994562,0,0,0,1],"shapeName":"/levels/west_coast_usa/art/shapes/race/concrete_road_barrier_a.dae"}
{"class":"TSStatic","persistentId":"2c4ba7be-78b8-4180-84cc-7efbb7f9b93f","__parent":"multiplayer_race_track_short_group","position":[812.740601,375.416473,153.96228],"isRenderEnabled":false,"mode":"Ignore","rotationMatrix":[0.264018089,-0.96136111,0.0779684931,0.964296699,0.264824241,0,-0.0206479505,0.0751847774,0.996955812],"shapeName":"/levels/west_coast_usa/art/shapes/race/concrete_road_barrier_b.dae"}
{"class":"TSStatic","persistentId":"2d7af2a5-c870-4cbe-9c73-32902bc82ada","__parent":"multiplayer_race_track_short_group","position":[70.807724,-115.734909,127.554703],"isRenderEnabled":false,"mode":"Ignore","rotationMatrix":[0.889994562,0.455972016,0,-0.455972016,0.889994562,0,0,0,1],"shapeName":"/levels/west_coast_usa/art/shapes/race/concrete_road_barrier_a.dae"}
{"class":"TSStatic","persistentId":"3b01cb41-b0d6-4406-abf0-6f87a73db1ea","__parent":"multiplayer_race_track_short_group","position":[813.597717,372.301605,154.201385],"isRenderEnabled":false,"mode":"Ignore","rotationMatrix":[0.264090747,-0.961625874,0.0743743628,0.964296699,0.264824241,0,-0.0196961388,0.071718961,0.997230291],"shapeName":"/levels/west_coast_usa/art/shapes/race/concrete_road_barrier_a.dae"}
{"class":"TSStatic","persistentId":"3cd6e6c0-3835-4767-898e-0d36ba6d326a","__parent":"multiplayer_race_track_short_group","position":[50.1911354,-176.324982,124.329292],"isRenderEnabled":false,"mode":"Ignore","rotationMatrix":[0.717347085,-0.694635451,-0.0537975058,0.695642889,0.718387425,0,0.0386474431,-0.0374238566,0.998551667],"shapeName":"/levels/west_coast_usa/art/shapes/race/concrete_road_barrier_a.dae"}
{"class":"TSStatic","persistentId":"43e5590d-635f-4695-b298-7c2394ce631f","__parent":"multiplayer_race_track_short_group","position":[814.453674,369.202545,154.391037],"isRenderEnabled":false,"mode":"Ignore","rotationMatrix":[0.264456928,-0.962958872,0.0526574925,0.964296699,0.264824241,0,-0.0139449788,0.0507774279,0.998612761],"shapeName":"/levels/west_coast_usa/art/shapes/race/concrete_road_barrier_a.dae"}
{"class":"TSStatic","persistentId":"485b96f4-9d0d-457b-aa18-9f63eff061e1","__parent":"multiplayer_race_track_short_group","position":[59.4626312,-180.717972,124.140907],"isRenderEnabled":false,"mode":"Ignore","rotationMatrix":[-0.969437242,0.243118569,0.0329335704,-0.243250385,-0.969963431,-6.16926155e-09,0.0319443531,-0.0080111064,0.999457836],"shapeName":"/levels/west_coast_usa/art/shapes/race/concrete_road_barrier_b.dae"}
{"class":"TSStatic","persistentId":"56c0bd3e-5215-48d9-a8c5-ccd1cc81bd98","__parent":"multiplayer_race_track_short_group","position":[46.4361763,-153.098618,125.542137],"isRenderEnabled":false,"mode":"Ignore","rotationMatrix":[-0.242893904,-0.966137528,-0.0870697275,0.969820499,-0.243819878,0,-0.0212293286,-0.0844420046,0.99620223],"shapeName":"/levels/west_coast_usa/art/shapes/race/concrete_road_barrier_a.dae"}
{"class":"TSStatic","persistentId":"588a8be9-13ac-4b65-b5c3-209a480c1ec7","__parent":"multiplayer_race_track_short_group","position":[816.162354,362.945709,154.660797],"isRenderEnabled":false,"mode":"Ignore","rotationMatrix":[-0.264761388,0.964068234,-0.0217694659,-0.964296699,-0.264824122,0,-0.00576508464,0.0209922381,0.99976325],"shapeName":"/levels/west_coast_usa/art/shapes/race/concrete_road_barrier_b.dae"}
{"class":"TSStatic","persistentId":"629c92a5-e956-4537-93ed-fd76578a2805","__parent":"multiplayer_race_track_short_group","position":[56.0909767,-179.738159,124.169868],"isRenderEnabled":false,"mode":"Ignore","rotationMatrix":[0.947534323,-0.319341332,-0.0141179571,0.319406927,0.947613776,0.00260448037,0.0125466511,-0.00697720796,0.999896944],"shapeName":"/levels/west_coast_usa/art/shapes/race/concrete_road_barrier_a.dae"}
{"class":"TSStatic","persistentId":"693ca27b-471a-4384-8389-a2734a7ad351","__parent":"multiplayer_race_track_short_group","position":[45.9300766,-166.978149,124.851395],"isRenderEnabled":false,"mode":"Ignore","rotationMatrix":[0.0997849926,-0.994014442,-0.0444879979,0.99499923,0.0998838544,0,0.0044436343,-0.0442655422,0.999010026],"shapeName":"/levels/west_coast_usa/art/shapes/race/concrete_road_barrier_a.dae"}
{"class":"TSStatic","persistentId":"75ece937-1215-4a38-b3a0-a0ab5730ec06","__parent":"multiplayer_race_track_short_group","position":[46.6245384,-170.3797,124.674652],"isRenderEnabled":false,"mode":"Ignore","rotationMatrix":[0.274003536,-0.960529387,-0.0480126143,0.961638391,0.274319768,3.62356225e-08,0.0131707937,-0.0461707972,0.998847008],"shapeName":"/levels/west_coast_usa/art/shapes/race/concrete_road_barrier_a.dae"}
{"class":"TSStatic","persistentId":"76c59cbc-8d9c-4a15-9a11-330fe9848896","__parent":"multiplayer_race_track_short_group","position":[52.9781761,-178.414444,124.2332],"isRenderEnabled":false,"mode":"Ignore","rotationMatrix":[0.873864472,-0.485956907,-0.0143561838,0.486007005,0.873954535,1.71129511e-09,0.0125466511,-0.00697720796,0.999896944],"shapeName":"/levels/west_coast_usa/art/shapes/race/concrete_road_barrier_a.dae"}
{"class":"TSStatic","persistentId":"89bbffb6-6e8d-47d1-b233-9d2ad38f802e","__parent":"multiplayer_race_track_short_group","position":[47.9990845,-173.608398,124.47979],"isRenderEnabled":false,"mode":"Ignore","rotationMatrix":[0.513270438,-0.856882811,-0.0480126515,0.857872069,0.513862967,1.67638063e-08,0.0246719271,-0.0411887392,0.998846948],"shapeName":"/levels/west_coast_usa/art/shapes/race/concrete_road_barrier_a.dae"}
{"class":"TSStatic","persistentId":"8bdd9469-980d-4695-814a-06020bace28a","__parent":"multiplayer_race_track_short_group","position":[62.1592636,-120.165787,127.554703],"isRenderEnabled":false,"mode":"Ignore","rotationMatrix":[0.889994562,0.455972016,0,-0.455972016,0.889994562,0,0,0,1],"shapeName":"/levels/west_coast_usa/art/shapes/race/concrete_road_barrier_b.dae"}
{"class":"TSStatic","persistentId":"b852c479-6629-4daa-bda7-d72473456f22","__parent":"multiplayer_race_track_short_group","position":[73.6715927,-114.267662,127.554703],"isRenderEnabled":false,"mode":"Ignore","rotationMatrix":[-0.889994502,-0.455971926,0,0.455971926,-0.889994502,0,0,0,1],"shapeName":"/levels/west_coast_usa/art/shapes/race/concrete_road_barrier_b.dae"}
{"class":"TSStatic","persistentId":"d3e71165-17bf-4173-8ec3-5f4e99c37892","__parent":"multiplayer_race_track_short_group","position":[45.5099258,-160.044861,125.166641],"isRenderEnabled":false,"mode":"Ignore","rotationMatrix":[-0.0304975063,-0.999198139,-0.0259457398,0.999534607,-0.0305077769,0,-0.000791546889,-0.0259336717,0.999663293],"shapeName":"/levels/west_coast_usa/art/shapes/race/concrete_road_barrier_a.dae"}
{"class":"TSStatic","persistentId":"dd86e102-9096-4178-b113-65319a9c6607","__parent":"multiplayer_race_track_short_group","position":[45.5917625,-163.468796,125.013466],"isRenderEnabled":false,"mode":"Ignore","rotationMatrix":[0.0707512125,-0.996095777,-0.052798491,0.997487068,0.0708500221,0,0.003740774,-0.052665811,0.998605192],"shapeName":"/levels/west_coast_usa/art/shapes/race/concrete_road_barrier_a.dae"}
{"class":"TSStatic","persistentId":"f98aedf7-000a-4881-98bf-a0bb8b758203","__parent":"multiplayer_race_track_short_group","position":[47.2595863,-149.836105,125.719231],"isRenderEnabled":false,"mode":"Ignore","rotationMatrix":[-0.243799835,-0.969740808,-0.012819971,0.969820499,-0.243819878,0,-0.00312576373,-0.0124330707,0.999917805],"shapeName":"/levels/west_coast_usa/art/shapes/race/concrete_road_barrier_a.dae"}
