{"name":"startStop","class":"BeamNGTrigger","persistentId":"0418f636-4bc3-495d-aed4-40c7116d24b4","__parent":"mp_derby_8_group","position":[227.12825,32.5227356,25.3408909],"luaFunction":"onBeamNGTrigger","rotationMatrix":[1,0,0,0,0.991114259,0.133013353,0,-0.133013353,0.991114259],"scale":[2,22.2802773,6],"triggerColor":[0,255,0,20]}
{"name":"lapSplit3","class":"BeamNGTrigger","persistentId":"1244dbfa-df3e-4f0d-83a0-138d324930fb","__parent":"mp_derby_8_group","position":[213.823441,-77.0719147,25.0805092],"luaFunction":"onBeamNGTrigger","rotationMatrix":[0.944952607,-0.322901875,0.0529044494,0.327207118,0.932519376,-0.152784571,5.58793545e-09,0.161684886,0.986842453],"scale":[2,22.2802773,6],"triggerColor":[0,255,255,20]}
{"name":"lapSplit2","class":"BeamNGTrigger","persistentId":"252b7ea6-1e86-4943-8bad-96811a06fad8","__parent":"mp_derby_8_group","position":[82.1275177,13.7962961,24.7411022],"luaFunction":"onBeamNGTrigger","rotationMatrix":[0.996237695,-0.0857656375,-0.0124369282,0.0866626874,0.985925555,0.142969683,0,-0.143509611,0.989648938],"scale":[2,22.2802773,6],"triggerColor":[0,255,255,20]}
{"name":"outOfBounds2","class":"BeamNGTrigger","persistentId":"5d55452d-2c5a-4e1f-a8e3-55e0396a625a","__parent":"mp_derby_8_group","position":[147.160095,-69.3341751,23.3887482],"luaFunction":"onBeamNGTrigger","rotationMatrix":[0.99999994,0,0,0,0.992546082,-0.121869341,0,0.121869348,0.992546022],"scale":[2,43.6626205,6],"triggerColor":[255,0,0,20]}
{"name":"lapSplit1","class":"BeamNGTrigger","persistentId":"64ffd5f1-6202-4ce6-bfe8-4351bd6da9c4","__parent":"mp_derby_8_group","position":[83.7997131,-69.7083588,25.7000351],"luaFunction":"onBeamNGTrigger","rotationMatrix":[0.985571325,0.167033643,-0.0273669083,-0.16926071,0.972603619,-0.159352005,3.7252903e-09,0.161684901,0.986842453],"scale":[2,22.2802773,6],"triggerColor":[0,255,255,20]}
{"name":"outOfBounds1","class":"BeamNGTrigger","persistentId":"6a6da119-0f82-4a4b-bfb0-f8f8c217bd9e","__parent":"mp_derby_8_group","position":[147.160095,15.8038921,23.3887482],"luaFunction":"onBeamNGTrigger","rotationMatrix":[0.99999994,0,0,0,0.992546082,0.121869341,0,-0.121869348,0.992546022],"scale":[2,43.6626205,6],"triggerColor":[255,0,0,20]}
{"name":"mp_derby_8_group","class":"SimGroup","persistentId":"e90f8952-0767-445a-9d52-d0f9bf331941","groupPosition":"0 0 0"}
{"class":"TSStatic","persistentId":"0f3218b1-0a76-4291-9aaf-44a3662204c1","__parent":"mp_derby_8_group","position":[104.987114,-74.6095657,22.862093],"isRenderEnabled":false,"rotationMatrix":[-0.713478684,-0.691170335,0.115029573,0.69985652,-0.710916877,0.0692696422,0.0338993371,0.129926592,0.990943968],"shapeName":"/art/shapes/race/s_concrete_arrow_barrier.dae","useInstanceRenderData":true}
{"class":"TSStatic","persistentId":"12d47857-37f8-4066-b0d8-d72d1f966216","__parent":"mp_derby_8_group","position":[100.695282,-78.7671967,23.554039],"isRenderEnabled":false,"rotationMatrix":[-0.713478684,-0.691170335,0.115029573,0.69985652,-0.710916877,0.0692696422,0.0338993371,0.129926592,0.990943968],"shapeName":"/art/shapes/race/s_concrete_arrow_barrier.dae","useInstanceRenderData":true}
{"class":"TSStatic","persistentId":"155bda95-e146-4c36-9acf-481b81ca7af5","__parent":"mp_derby_8_group","position":[102.831993,-76.6973038,23.2095509],"isRenderEnabled":false,"rotationMatrix":[-0.713478684,-0.691170335,0.115029573,0.69985652,-0.710916877,0.0692696422,0.0338993371,0.129926592,0.990943968],"shapeName":"/art/shapes/race/s_concrete_arrow_barrier.dae","useInstanceRenderData":true}
{"class":"TSStatic","persistentId":"18925923-1295-44d6-b6aa-92c03bb05546","__parent":"mp_derby_8_group","position":[198.102753,28.8775711,21.8992615],"isRenderEnabled":false,"rotationMatrix":[-0.705967546,-0.702033758,-0.0935845226,0.707249999,-0.705793262,-0.0406572782,-0.037508551,-0.0948903859,0.994780838],"shapeName":"/art/shapes/race/s_concrete_arrow_barrier.dae","useInstanceRenderData":true}
{"class":"TSStatic","persistentId":"1b3f831f-e630-485c-b3bf-9b9440276e3c","__parent":"mp_derby_8_group","position":[204.479187,35.2184067,22.7445354],"isRenderEnabled":false,"rotationMatrix":[-0.705967546,-0.702033758,-0.0935845226,0.707249999,-0.705793262,-0.0406572782,-0.037508551,-0.0948903859,0.994780838],"shapeName":"/art/shapes/race/s_concrete_arrow_barrier.dae","useInstanceRenderData":true}
{"class":"TSStatic","persistentId":"26256205-232a-40a7-ab70-20dbca51cada","__parent":"mp_derby_8_group","position":[192.811859,-73.7062149,21.8080902],"isRenderEnabled":false,"rotationMatrix":[0.645170033,-0.758533955,0.0915519893,0.763707399,0.636713922,-0.106518872,0.0225057714,0.138641715,0.990086854],"shapeName":"/art/shapes/race/s_concrete_arrow_barrier.dae","useInstanceRenderData":true}
{"class":"TSStatic","persistentId":"4293f431-d7b4-4bc4-82b5-f11cbd939b38","__parent":"mp_derby_8_group","position":[202.357803,33.1088486,22.4633274],"isRenderEnabled":false,"rotationMatrix":[-0.705967546,-0.702033758,-0.0935845226,0.707249999,-0.705793262,-0.0406572782,-0.037508551,-0.0948903859,0.994780838],"shapeName":"/art/shapes/race/s_concrete_arrow_barrier.dae","useInstanceRenderData":true}
{"class":"TSStatic","persistentId":"53aa68dc-5ed2-475e-8c9c-cdd3358f9ad1","__parent":"mp_derby_8_group","position":[109.276253,-70.4545288,22.1705837],"isRenderEnabled":false,"rotationMatrix":[-0.713478684,-0.691170335,0.115029573,0.69985652,-0.710916877,0.0692696422,0.0338993371,0.129926592,0.990943968],"shapeName":"/art/shapes/race/s_concrete_arrow_barrier.dae","useInstanceRenderData":true}
{"class":"TSStatic","persistentId":"6826d62e-9c97-460a-a561-fe0fd026b169","__parent":"mp_derby_8_group","position":[98.6016388,24.213686,23.3091106],"isRenderEnabled":false,"rotationMatrix":[0.743435025,-0.65975672,-0.109660402,0.668191969,0.739734352,0.079451263,0.0287010632,-0.132341057,0.990788639],"shapeName":"/art/shapes/race/s_concrete_arrow_barrier.dae","useInstanceRenderData":true}
{"class":"TSStatic","persistentId":"6f91a886-5704-4ef7-8bc7-825e89927748","__parent":"mp_derby_8_group","position":[107.551979,16.2707844,21.9888916],"isRenderEnabled":false,"rotationMatrix":[0.743435025,-0.65975672,-0.109660402,0.668191969,0.739734352,0.079451263,0.0287010632,-0.132341057,0.990788639],"shapeName":"/art/shapes/race/s_concrete_arrow_barrier.dae","useInstanceRenderData":true}
{"class":"TSStatic","persistentId":"728a1cb1-e7fb-4ba8-8fe9-a309e50603fa","__parent":"mp_derby_8_group","position":[107.132309,-72.5314407,22.5162373],"isRenderEnabled":false,"rotationMatrix":[-0.713478684,-0.691170335,0.115029573,0.69985652,-0.710916877,0.0692696422,0.0338993371,0.129926592,0.990943968],"shapeName":"/art/shapes/race/s_concrete_arrow_barrier.dae","useInstanceRenderData":true}
{"class":"TSStatic","persistentId":"80727c9c-49d0-4405-b83a-68be71f31677","__parent":"mp_derby_8_group","position":[200.579163,-82.8383179,22.9102974],"isRenderEnabled":false,"rotationMatrix":[0.645170033,-0.758533955,0.0915519893,0.763707399,0.636713922,-0.106518872,0.0225057714,0.138641715,0.990086854],"shapeName":"/art/shapes/race/s_concrete_arrow_barrier.dae","useInstanceRenderData":true}
{"class":"TSStatic","persistentId":"8b753ade-22c8-4472-a521-4c0588a02cd1","__parent":"mp_derby_8_group","position":[109.778389,14.2949429,21.6604767],"isRenderEnabled":false,"rotationMatrix":[0.743435025,-0.65975672,-0.109660402,0.668191969,0.739734352,0.079451263,0.0287010632,-0.132341057,0.990788639],"shapeName":"/art/shapes/race/s_concrete_arrow_barrier.dae","useInstanceRenderData":true}
{"class":"TSStatic","persistentId":"8bac140a-e0db-4830-9341-7f43bf0a96a1","__parent":"mp_derby_8_group","position":[195.988525,26.7751503,21.6190128],"isRenderEnabled":false,"rotationMatrix":[-0.705967546,-0.702033758,-0.0935845226,0.707249999,-0.705793262,-0.0406572782,-0.037508551,-0.0948903859,0.994780838],"shapeName":"/art/shapes/race/s_concrete_arrow_barrier.dae","useInstanceRenderData":true}
{"class":"TSStatic","persistentId":"910fa17c-165f-4c3e-9bbd-01b547890cdd","__parent":"mp_derby_8_group","position":[105.306366,18.2636242,22.3201294],"isRenderEnabled":false,"rotationMatrix":[0.743435025,-0.65975672,-0.109660402,0.668191969,0.739734352,0.079451263,0.0287010632,-0.132341057,0.990788639],"shapeName":"/art/shapes/race/s_concrete_arrow_barrier.dae","useInstanceRenderData":true}
{"class":"TSStatic","persistentId":"91b25242-651e-4fb4-9b04-e75a84cf9fca","__parent":"mp_derby_8_group","position":[111.421684,-68.3761826,21.8246899],"isRenderEnabled":false,"rotationMatrix":[-0.713478684,-0.691170335,0.115029573,0.69985652,-0.710916877,0.0692696422,0.0338993371,0.129926592,0.990943968],"shapeName":"/art/shapes/race/s_concrete_arrow_barrier.dae","useInstanceRenderData":true}
{"class":"TSStatic","persistentId":"9274a173-bda0-485b-ae2b-9487566ab0e9","__parent":"mp_derby_8_group","position":[200.235168,30.9981155,22.1819439],"isRenderEnabled":false,"rotationMatrix":[-0.705967546,-0.702033758,-0.0935845226,0.707249999,-0.705793262,-0.0406572782,-0.037508551,-0.0948903859,0.994780838],"shapeName":"/art/shapes/race/s_concrete_arrow_barrier.dae","useInstanceRenderData":true}
{"class":"TSStatic","persistentId":"99d0408f-400d-4f11-8aaa-aa493033f294","__parent":"mp_derby_8_group","position":[206.602005,37.3294373,23.0259552],"isRenderEnabled":false,"rotationMatrix":[-0.705967546,-0.702033758,-0.0935845226,0.707249999,-0.705793262,-0.0406572782,-0.037508551,-0.0948903859,0.994780838],"shapeName":"/art/shapes/race/s_concrete_arrow_barrier.dae","useInstanceRenderData":true}
{"class":"TSStatic","persistentId":"a01ba845-dcf7-4cf5-b0ea-1fce9264822f","__parent":"mp_derby_8_group","position":[196.690552,-78.2664566,22.35849],"isRenderEnabled":false,"rotationMatrix":[0.645170033,-0.758533955,0.0915519893,0.763707399,0.636713922,-0.106518872,0.0225057714,0.138641715,0.990086854],"shapeName":"/art/shapes/race/s_concrete_arrow_barrier.dae","useInstanceRenderData":true}
{"class":"TSStatic","persistentId":"ab0efde6-767d-493e-9ee9-9c06fd21a8a0","__parent":"mp_derby_8_group","position":[103.071091,20.2472839,22.6498394],"isRenderEnabled":false,"rotationMatrix":[0.743435025,-0.65975672,-0.109660402,0.668191969,0.739734352,0.079451263,0.0287010632,-0.132341057,0.990788639],"shapeName":"/art/shapes/race/s_concrete_arrow_barrier.dae","useInstanceRenderData":true}
{"class":"TSStatic","persistentId":"ac574f30-18c6-4862-a73f-664aa318ef18","__parent":"mp_derby_8_group","position":[227.639435,21.6304722,21.2922497],"annotation":"OBSTACLES","isRenderEnabled":false,"rotationMatrix":[-0.0433773994,-0.998004615,-0.0458764881,0.999057591,-0.0433938503,-0.000638730824,-0.00135331042,-0.0458609723,0.998946905],"shapeName":"/levels/hirochi_raceway/art/shapes/buildings/gantry.dae"}
{"class":"TSStatic","persistentId":"c9562c42-f882-483c-b47d-0978fbb24a96","__parent":"mp_derby_8_group","position":[198.630371,-80.5471115,22.6337566],"isRenderEnabled":false,"rotationMatrix":[0.645170033,-0.758533955,0.0915519893,0.763707399,0.636713922,-0.106518872,0.0225057714,0.138641715,0.990086854],"shapeName":"/art/shapes/race/s_concrete_arrow_barrier.dae","useInstanceRenderData":true}
{"class":"TSStatic","persistentId":"dc268cf4-ba64-464d-b166-295f132410ac","__parent":"mp_derby_8_group","position":[202.511307,-85.1099701,23.1844769],"isRenderEnabled":false,"rotationMatrix":[0.645170033,-0.758533955,0.0915519893,0.763707399,0.636713922,-0.106518872,0.0225057714,0.138641715,0.990086854],"shapeName":"/art/shapes/race/s_concrete_arrow_barrier.dae","useInstanceRenderData":true}
{"class":"TSStatic","persistentId":"f8dbfa7a-3e64-4532-ac27-8381796b7584","__parent":"mp_derby_8_group","position":[194.751862,-75.9871216,22.0833836],"isRenderEnabled":false,"rotationMatrix":[0.645170033,-0.758533955,0.0915519893,0.763707399,0.636713922,-0.106518872,0.0225057714,0.138641715,0.990086854],"shapeName":"/art/shapes/race/s_concrete_arrow_barrier.dae","useInstanceRenderData":true}
{"class":"TSStatic","persistentId":"ff43d263-834b-4b42-9751-8e2afb5368b2","__parent":"mp_derby_8_group","position":[100.83712,22.2298012,22.9793606],"isRenderEnabled":false,"rotationMatrix":[0.743435025,-0.65975672,-0.109660402,0.668191969,0.739734352,0.079451263,0.0287010632,-0.132341057,0.990788639],"shapeName":"/art/shapes/race/s_concrete_arrow_barrier.dae","useInstanceRenderData":true}
