//--- OBJECT WRITE BEGIN ---
$ThisPrefab = new SimGroup() {
   canSave = "1";
   canSaveDynamicFields = "1";
      groupPosition = "0 0 0";

   new TSStatic() {
      shapeName = "/levels/hirochi_raceway/art/shapes/buildings/hr_plasticbarrier.DAE";
      dynamic = "0";
      playAmbient = "1";
      meshCulling = "0";
      originSort = "0";
      useInstanceRenderData = "0";
      instanceColor = "White";
      instanceColor1 = "White";
      instanceColor2 = "White";
      collisionType = "Collision Mesh";
      decalType = "Collision Mesh";
      prebuildCollisionData = "0";
      renderNormals = "0";
      forceDetail = "-1";
      position = "-364.272278 157.320633 25.1393147";
      scale = "1 1 1";
      rotationMatrix = "0.00465931697 -0.999086559 0.0424768068 0.997832775 0.00185701193 -0.0657747984 0.0656358376 0.0426912159 0.996930003";
      isRenderEnabled = "false";
      canSave = "1";
      canSaveDynamicFields = "1";
      persistentId = "c2ccdf41-4748-4d4a-82dc-0e50ac84961b";
   };
   new TSStatic() {
      shapeName = "/levels/hirochi_raceway/art/shapes/buildings/hr_plasticbarrier.DAE";
      dynamic = "0";
      playAmbient = "1";
      meshCulling = "0";
      originSort = "0";
      useInstanceRenderData = "0";
      instanceColor = "White";
      instanceColor1 = "White";
      instanceColor2 = "White";
      collisionType = "Collision Mesh";
      decalType = "Collision Mesh";
      prebuildCollisionData = "0";
      renderNormals = "0";
      forceDetail = "-1";
      position = "-364.294952 160.207001 25.0573578";
      scale = "1 1 1";
      rotationMatrix = "0.0128732957 -0.999855816 0.0110732224 0.999586523 0.0125834988 -0.025854107 0.0257110391 0.0114014717 0.999604404";
      isRenderEnabled = "false";
      canSave = "1";
      canSaveDynamicFields = "1";
      persistentId = "4d872ce3-d7ab-4b2e-b2d5-1992a1d8acd9";
   };
   new TSStatic() {
      shapeName = "/levels/hirochi_raceway/art/shapes/buildings/hr_plasticbarrier.DAE";
      dynamic = "0";
      playAmbient = "1";
      meshCulling = "0";
      originSort = "0";
      useInstanceRenderData = "0";
      instanceColor = "White";
      instanceColor1 = "White";
      instanceColor2 = "White";
      collisionType = "Collision Mesh";
      decalType = "Collision Mesh";
      prebuildCollisionData = "0";
      renderNormals = "0";
      forceDetail = "-1";
      position = "-364.398834 165.954178 25.0459309";
      scale = "1 1 1";
      rotationMatrix = "0.0252465811 -0.999679089 0.00207563047 0.999666095 0.025234716 -0.00555634592 0.00550218485 0.00221521617 0.999982417";
      isRenderEnabled = "false";
      canSave = "1";
      canSaveDynamicFields = "1";
      persistentId = "673e60cb-d19c-4870-ab60-9ca6a4125e6d";
   };
   new TSStatic() {
      shapeName = "/levels/hirochi_raceway/art/shapes/buildings/hr_plasticbarrier.DAE";
      dynamic = "0";
      playAmbient = "1";
      meshCulling = "0";
      originSort = "0";
      useInstanceRenderData = "0";
      instanceColor = "White";
      instanceColor1 = "White";
      instanceColor2 = "White";
      collisionType = "Collision Mesh";
      decalType = "Collision Mesh";
      prebuildCollisionData = "0";
      renderNormals = "0";
      forceDetail = "-1";
      position = "-364.340057 163.068329 25.0465126";
      scale = "1 1 1";
      rotationMatrix = "0.0157760512 -0.999875307 0.000723441655 0.999870062 0.0157735571 -0.00333301094 0.00332118408 0.000775929366 0.999994159";
      isRenderEnabled = "false";
      canSave = "1";
      canSaveDynamicFields = "1";
      persistentId = "af5754b7-3134-435e-b001-6ff1d6524a63";
   };
   new TSStatic() {
      shapeName = "/levels/hirochi_raceway/art/shapes/buildings/hr_plasticbarrier.DAE";
      dynamic = "0";
      playAmbient = "1";
      meshCulling = "0";
      originSort = "0";
      useInstanceRenderData = "0";
      instanceColor = "White";
      instanceColor1 = "White";
      instanceColor2 = "White";
      collisionType = "Collision Mesh";
      decalType = "Collision Mesh";
      prebuildCollisionData = "0";
      renderNormals = "0";
      forceDetail = "-1";
      position = "-364.467651 168.819733 25.0422325";
      scale = "1 1 1";
      rotationMatrix = "0.0291638281 -0.999574602 -0.000330378243 0.999566138 0.029164942 -0.00411253422 0.0041204202 -0.000210297658 0.999991477";
      isRenderEnabled = "false";
      canSave = "1";
      canSaveDynamicFields = "1";
      persistentId = "904b1f70-7b37-451d-a430-256b30bfd9a1";
   };
   new TSStatic() {
      shapeName = "/levels/hirochi_raceway/art/shapes/buildings/hr_plasticbarrier.DAE";
      dynamic = "0";
      playAmbient = "1";
      meshCulling = "0";
      originSort = "0";
      useInstanceRenderData = "0";
      instanceColor = "White";
      instanceColor1 = "White";
      instanceColor2 = "White";
      collisionType = "Collision Mesh";
      decalType = "Collision Mesh";
      prebuildCollisionData = "0";
      renderNormals = "0";
      forceDetail = "-1";
      position = "-364.565094 171.704544 25.0410652";
      scale = "1 1 1";
      rotationMatrix = "0.0386258364 -0.99925369 -0.000250499841 0.9991979 0.0386263281 -0.010560303 0.0105620977 0.000157601607 0.99994421";
      isRenderEnabled = "false";
      canSave = "1";
      canSaveDynamicFields = "1";
      persistentId = "afee58da-e273-4841-bf40-5816d90897f1";
   };
   new TSStatic() {
      shapeName = "/levels/hirochi_raceway/art/shapes/buildings/hr_plasticbarrier.DAE";
      dynamic = "0";
      playAmbient = "1";
      meshCulling = "0";
      originSort = "0";
      useInstanceRenderData = "0";
      instanceColor = "White";
      instanceColor1 = "White";
      instanceColor2 = "White";
      collisionType = "Collision Mesh";
      decalType = "Collision Mesh";
      prebuildCollisionData = "0";
      renderNormals = "0";
      forceDetail = "-1";
      position = "-364.932404 177.43808 25.0506115";
      scale = "1 1 1";
      rotationMatrix = "0.0746619925 -0.997202337 0.00362520036 0.997208655 0.0746639892 0.00041859987 -0.000688100641 0.00358382775 0.999993324";
      isRenderEnabled = "false";
      canSave = "1";
      canSaveDynamicFields = "1";
      persistentId = "85c55a9f-2034-49c0-b241-62d74503c7c2";
   };
   new TSStatic() {
      shapeName = "/levels/hirochi_raceway/art/shapes/buildings/hr_plasticbarrier.DAE";
      dynamic = "0";
      playAmbient = "1";
      meshCulling = "0";
      originSort = "0";
      useInstanceRenderData = "0";
      instanceColor = "White";
      instanceColor1 = "White";
      instanceColor2 = "White";
      collisionType = "Collision Mesh";
      decalType = "Collision Mesh";
      prebuildCollisionData = "0";
      renderNormals = "0";
      forceDetail = "-1";
      position = "-364.730957 174.55864 25.0560722";
      scale = "1 1 1";
      rotationMatrix = "0.0652216226 -0.997870088 0.00119234482 0.997855604 0.0652139857 -0.00559568731 0.00550601119 0.00155474769 0.999983609";
      isRenderEnabled = "false";
      canSave = "1";
      canSaveDynamicFields = "1";
      persistentId = "dcb1f3e3-b2ca-4a6f-9d31-e9ecce1edb3d";
   };
   new TSStatic() {
      shapeName = "/levels/hirochi_raceway/art/shapes/buildings/hr_plasticbarrier.DAE";
      dynamic = "0";
      playAmbient = "1";
      meshCulling = "0";
      originSort = "0";
      useInstanceRenderData = "0";
      instanceColor = "White";
      instanceColor1 = "White";
      instanceColor2 = "White";
      collisionType = "Collision Mesh";
      decalType = "Collision Mesh";
      prebuildCollisionData = "0";
      renderNormals = "0";
      forceDetail = "-1";
      position = "-365.124023 180.300262 25.0404453";
      scale = "1 1 1";
      rotationMatrix = "0.06522239 -0.997869074 0.00184366433 0.99786067 0.0652133077 -0.00461669359 0.00448662415 0.0021408319 0.999987662";
      isRenderEnabled = "false";
      canSave = "1";
      canSaveDynamicFields = "1";
      persistentId = "a88b99cf-3550-48cf-8dba-1163fec8e52e";
   };
   new TSStatic() {
      shapeName = "/levels/hirochi_raceway/art/shapes/buildings/hr_plasticbarrier.DAE";
      dynamic = "0";
      playAmbient = "1";
      meshCulling = "0";
      originSort = "0";
      useInstanceRenderData = "0";
      instanceColor = "White";
      instanceColor1 = "White";
      instanceColor2 = "White";
      collisionType = "Collision Mesh";
      decalType = "Collision Mesh";
      prebuildCollisionData = "0";
      renderNormals = "0";
      forceDetail = "-1";
      position = "-365.32547 183.179688 25.0348854";
      scale = "1 1 1";
      rotationMatrix = "0.0746669397 -0.997204602 0.00279581547 0.997204959 0.0746588856 -0.00288426923 0.00266747409 0.0030033607 0.999991953";
      isRenderEnabled = "false";
      canSave = "1";
      canSaveDynamicFields = "1";
      persistentId = "c6d69426-e788-4c44-9d61-b5b3e0fe2868";
   };
   new TSStatic() {
      shapeName = "/levels/hirochi_raceway/art/shapes/buildings/hr_plasticbarrier.DAE";
      dynamic = "0";
      playAmbient = "1";
      meshCulling = "0";
      originSort = "0";
      useInstanceRenderData = "0";
      instanceColor = "White";
      instanceColor1 = "White";
      instanceColor2 = "White";
      collisionType = "Collision Mesh";
      decalType = "Collision Mesh";
      prebuildCollisionData = "0";
      renderNormals = "0";
      forceDetail = "-1";
      position = "-365.707886 188.927338 25.0306835";
      scale = "1 1 1";
      rotationMatrix = "0.0746636614 -0.997208714 0.000404253777 0.997205317 0.0746623278 -0.0026718725 0.00263423193 0.000602615764 0.999996364";
      isRenderEnabled = "false";
      canSave = "1";
      canSaveDynamicFields = "1";
      persistentId = "90bb9f7f-9444-4e4f-aa0e-f6b4e1102afb";
   };
   new TSStatic() {
      shapeName = "/levels/hirochi_raceway/art/shapes/buildings/hr_plasticbarrier.DAE";
      dynamic = "0";
      playAmbient = "1";
      meshCulling = "0";
      originSort = "0";
      useInstanceRenderData = "0";
      instanceColor = "White";
      instanceColor1 = "White";
      instanceColor2 = "White";
      collisionType = "Collision Mesh";
      decalType = "Collision Mesh";
      prebuildCollisionData = "0";
      renderNormals = "0";
      forceDetail = "-1";
      position = "-365.506439 186.047913 25.0269489";
      scale = "1 1 1";
      rotationMatrix = "0.0652192086 -0.997867882 0.00247468473 0.997870684 0.0652171075 -0.000918386853 0.000755037006 0.00252931193 0.999996543";
      isRenderEnabled = "false";
      canSave = "1";
      canSaveDynamicFields = "1";
      persistentId = "3e2346d2-e4c9-4f8d-81ca-fa9dd9998ad3";
   };
   new TSStatic() {
      shapeName = "/levels/hirochi_raceway/art/shapes/buildings/hr_plasticbarrier.DAE";
      dynamic = "0";
      playAmbient = "1";
      meshCulling = "0";
      originSort = "0";
      useInstanceRenderData = "0";
      instanceColor = "White";
      instanceColor1 = "White";
      instanceColor2 = "White";
      collisionType = "Collision Mesh";
      decalType = "Collision Mesh";
      prebuildCollisionData = "0";
      renderNormals = "0";
      forceDetail = "-1";
      position = "-365.898102 191.783035 25.0344887";
      scale = "1 1 1";
      rotationMatrix = "0.0652176663 -0.997869849 0.00154443248 0.997870684 0.0652188808 0.000749593833 -0.000848723284 0.00149225711 0.99999851";
      isRenderEnabled = "false";
      canSave = "1";
      canSaveDynamicFields = "1";
      persistentId = "c6f0d246-af91-40fa-9e4f-718a876034d0";
   };
   new TSStatic() {
      shapeName = "/levels/hirochi_raceway/art/shapes/buildings/hr_plasticbarrier.DAE";
      dynamic = "0";
      playAmbient = "1";
      meshCulling = "0";
      originSort = "0";
      useInstanceRenderData = "0";
      instanceColor = "White";
      instanceColor1 = "White";
      instanceColor2 = "White";
      collisionType = "Collision Mesh";
      decalType = "Collision Mesh";
      prebuildCollisionData = "0";
      renderNormals = "0";
      forceDetail = "-1";
      position = "-366.099548 194.662445 25.0248795";
      scale = "1 1 1";
      rotationMatrix = "0.0746630728 -0.997208834 0.000155199305 0.997207463 0.0746632293 0.00165376416 -0.00166073593 3.12907832e-05 0.999998629";
      isRenderEnabled = "false";
      canSave = "1";
      canSaveDynamicFields = "1";
      persistentId = "b3f1aa2d-aa97-4780-9de5-35589db80785";
   };
   new TSStatic() {
      shapeName = "/levels/hirochi_raceway/art/shapes/buildings/hr_plasticbarrier.DAE";
      dynamic = "0";
      playAmbient = "1";
      meshCulling = "0";
      originSort = "0";
      useInstanceRenderData = "0";
      instanceColor = "White";
      instanceColor1 = "White";
      instanceColor2 = "White";
      collisionType = "Collision Mesh";
      decalType = "Collision Mesh";
      prebuildCollisionData = "0";
      renderNormals = "0";
      forceDetail = "-1";
      position = "-366.615967 200.392792 25.029047";
      scale = "1 1 1";
      rotationMatrix = "0.0986837149 -0.995118737 0.000468407437 0.995117843 0.0986842811 0.00138749985 -0.00142695149 0.000329196977 0.999998927";
      isRenderEnabled = "false";
      canSave = "1";
      canSaveDynamicFields = "1";
      persistentId = "15dd7eb5-82f3-413f-a356-51d3a04beb73";
   };
   new TSStatic() {
      shapeName = "/levels/hirochi_raceway/art/shapes/buildings/hr_plasticbarrier.DAE";
      dynamic = "0";
      playAmbient = "1";
      meshCulling = "0";
      originSort = "0";
      useInstanceRenderData = "0";
      instanceColor = "White";
      instanceColor1 = "White";
      instanceColor2 = "White";
      collisionType = "Collision Mesh";
      decalType = "Collision Mesh";
      prebuildCollisionData = "0";
      renderNormals = "0";
      forceDetail = "-1";
      position = "-366.345154 197.519043 25.0308247";
      scale = "1 1 1";
      rotationMatrix = "0.0892587975 -0.996007502 -0.00138261332 0.996007681 0.0892569125 0.00137414446 -0.00124525034 -0.00149974797 0.999998093";
      isRenderEnabled = "false";
      canSave = "1";
      canSaveDynamicFields = "1";
      persistentId = "5589c187-c242-429a-a127-210ac5d8125b";
   };
   new TSStatic() {
      shapeName = "/levels/hirochi_raceway/art/shapes/buildings/hr_plasticbarrier.DAE";
      dynamic = "0";
      playAmbient = "1";
      meshCulling = "0";
      originSort = "0";
      useInstanceRenderData = "0";
      instanceColor = "White";
      instanceColor1 = "White";
      instanceColor2 = "White";
      collisionType = "Collision Mesh";
      decalType = "Collision Mesh";
      prebuildCollisionData = "0";
      renderNormals = "0";
      forceDetail = "-1";
      position = "-366.909576 203.253159 25.0322628";
      scale = "1 1 1";
      rotationMatrix = "0.102001369 -0.994782567 -0.00182352646 0.994755566 0.101984322 0.00778594334 -0.00755934976 -0.00260814 0.999968052";
      isRenderEnabled = "false";
      canSave = "1";
      canSaveDynamicFields = "1";
      persistentId = "d63a0440-bca2-4bb5-bab2-ff7fcf207255";
   };
   new TSStatic() {
      shapeName = "/levels/hirochi_raceway/art/shapes/buildings/hr_plasticbarrier.DAE";
      dynamic = "0";
      playAmbient = "1";
      meshCulling = "0";
      originSort = "0";
      useInstanceRenderData = "0";
      instanceColor = "White";
      instanceColor1 = "White";
      instanceColor2 = "White";
      collisionType = "Collision Mesh";
      decalType = "Collision Mesh";
      prebuildCollisionData = "0";
      renderNormals = "0";
      forceDetail = "-1";
      position = "-367.217133 206.123199 25.0370789";
      scale = "1 1 1";
      rotationMatrix = "0.111410759 -0.993774235 -0.000643919338 0.99374938 0.111403324 0.00717173098 -0.00705534639 -0.00143890246 0.999974072";
      isRenderEnabled = "false";
      canSave = "1";
      canSaveDynamicFields = "1";
      persistentId = "8df0bdab-765c-4503-85af-3c19cac23c71";
   };
   new TSStatic() {
      shapeName = "/levels/hirochi_raceway/art/shapes/buildings/hr_plasticbarrier.DAE";
      dynamic = "0";
      playAmbient = "1";
      meshCulling = "0";
      originSort = "0";
      useInstanceRenderData = "0";
      instanceColor = "White";
      instanceColor1 = "White";
      instanceColor2 = "White";
      collisionType = "Collision Mesh";
      decalType = "Collision Mesh";
      prebuildCollisionData = "0";
      renderNormals = "0";
      forceDetail = "-1";
      position = "-367.985321 211.826355 25.0464172";
      scale = "1 1 1";
      rotationMatrix = "0.144034699 -0.989571929 -0.00116860913 0.989570558 0.144031852 0.00223406497 -0.00204245117 -0.00147820404 0.999996841";
      isRenderEnabled = "false";
      canSave = "1";
      canSaveDynamicFields = "1";
      persistentId = "ea7f0480-e1ae-4c47-876e-1d1f91ac977c";
   };
   new TSStatic() {
      shapeName = "/levels/hirochi_raceway/art/shapes/buildings/hr_plasticbarrier.DAE";
      dynamic = "0";
      playAmbient = "1";
      meshCulling = "0";
      originSort = "0";
      useInstanceRenderData = "0";
      instanceColor = "White";
      instanceColor1 = "White";
      instanceColor2 = "White";
      collisionType = "Collision Mesh";
      decalType = "Collision Mesh";
      prebuildCollisionData = "0";
      renderNormals = "0";
      forceDetail = "-1";
      position = "-367.583557 208.968002 25.0480194";
      scale = "1 1 1";
      rotationMatrix = "0.134655893 -0.990892053 0.000850588607 0.990881503 0.134658381 0.00458300859 -0.00465580588 0.000225703436 0.999989152";
      isRenderEnabled = "false";
      canSave = "1";
      canSaveDynamicFields = "1";
      persistentId = "c6680427-46c5-401a-8421-ce36230308f7";
   };
   new TSStatic() {
      shapeName = "/levels/hirochi_raceway/art/shapes/buildings/hr_plasticbarrier.DAE";
      dynamic = "0";
      playAmbient = "1";
      meshCulling = "0";
      originSort = "0";
      useInstanceRenderData = "0";
      instanceColor = "White";
      instanceColor1 = "White";
      instanceColor2 = "White";
      collisionType = "Collision Mesh";
      decalType = "Collision Mesh";
      prebuildCollisionData = "0";
      renderNormals = "0";
      forceDetail = "-1";
      position = "-368.431976 214.695068 25.0454636";
      scale = "1 1 1";
      rotationMatrix = "0.159424558 -0.987208128 0.00197023526 0.987209678 0.159426019 0.000606512127 -0.000912860502 0.00184834225 0.999997854";
      isRenderEnabled = "false";
      canSave = "1";
      canSaveDynamicFields = "1";
      persistentId = "a18d14c7-1f6a-40fb-84ab-696b42142d5b";
   };
   new TSStatic() {
      shapeName = "/levels/hirochi_raceway/art/shapes/buildings/hr_plasticbarrier.DAE";
      dynamic = "0";
      playAmbient = "1";
      meshCulling = "0";
      originSort = "0";
      useInstanceRenderData = "0";
      instanceColor = "White";
      instanceColor1 = "White";
      instanceColor2 = "White";
      collisionType = "Collision Mesh";
      decalType = "Collision Mesh";
      prebuildCollisionData = "0";
      renderNormals = "0";
      forceDetail = "-1";
      position = "-368.905182 217.54248 25.0349789";
      scale = "1 1 1";
      rotationMatrix = "0.168764129 -0.985655963 0.00102229789 0.985653818 0.168765992 0.0021517328 -0.00229339744 0.000644496526 0.999997139";
      isRenderEnabled = "false";
      canSave = "1";
      canSaveDynamicFields = "1";
      persistentId = "91df72e7-b14f-4eb8-9045-bc153696cb31";
   };
   new TSStatic() {
      shapeName = "/levels/hirochi_raceway/art/shapes/buildings/hr_plasticbarrier.DAE";
      dynamic = "0";
      playAmbient = "1";
      meshCulling = "0";
      originSort = "0";
      useInstanceRenderData = "0";
      instanceColor = "White";
      instanceColor1 = "White";
      instanceColor2 = "White";
      collisionType = "Collision Mesh";
      decalType = "Collision Mesh";
      prebuildCollisionData = "0";
      renderNormals = "0";
      forceDetail = "-1";
      position = "-369.72702 223.280609 25.0039654";
      scale = "1 1 1";
      rotationMatrix = "-0.0068851579 -0.999975979 -0.000818836386 0.999975681 -0.0068860813 0.00113007659 -0.00113568793 -0.000811035745 0.999999046";
      isRenderEnabled = "false";
      canSave = "1";
      canSaveDynamicFields = "1";
      persistentId = "39851112-882c-49b5-af44-e41f2df0bacd";
   };
   new TSStatic() {
      shapeName = "/levels/hirochi_raceway/art/shapes/buildings/hr_plasticbarrier.DAE";
      dynamic = "0";
      playAmbient = "1";
      meshCulling = "0";
      originSort = "0";
      useInstanceRenderData = "0";
      instanceColor = "White";
      instanceColor1 = "White";
      instanceColor2 = "White";
      collisionType = "Collision Mesh";
      decalType = "Collision Mesh";
      prebuildCollisionData = "0";
      renderNormals = "0";
      forceDetail = "-1";
      position = "-369.365417 220.366241 25.0075417";
      scale = "1 1 1";
      rotationMatrix = "0.159423441 -0.987207174 0.0024741455 0.987208843 0.159426972 0.00130181934 -0.00167961093 0.00223495788 0.999996066";
      isRenderEnabled = "false";
      canSave = "1";
      canSaveDynamicFields = "1";
      persistentId = "9d3fa9df-03fa-4b45-859a-35e50baf03ea";
   };
   new TSStatic() {
      shapeName = "/levels/hirochi_raceway/art/shapes/buildings/hr_plasticbarrier.DAE";
      dynamic = "0";
      playAmbient = "1";
      meshCulling = "0";
      originSort = "0";
      useInstanceRenderData = "0";
      instanceColor = "White";
      instanceColor1 = "White";
      instanceColor2 = "White";
      collisionType = "Collision Mesh";
      decalType = "Collision Mesh";
      prebuildCollisionData = "0";
      renderNormals = "0";
      forceDetail = "-1";
      position = "-318.026581 -95.1354828 36.5394135";
      scale = "1 1 1";
      rotationMatrix = "-0.0128312111 -0.999143302 0.0393452756 0.999892473 -0.0131004713 -0.00659336708 0.00710316002 0.0392564423 0.99920392";
      isRenderEnabled = "false";
      canSave = "1";
      canSaveDynamicFields = "1";
      persistentId = "ced8c42f-5913-41df-85bb-aec73279bac6";
   };
   new TSStatic() {
      shapeName = "/levels/hirochi_raceway/art/shapes/buildings/hr_plasticbarrier.DAE";
      dynamic = "0";
      playAmbient = "1";
      meshCulling = "0";
      originSort = "0";
      useInstanceRenderData = "0";
      instanceColor = "White";
      instanceColor1 = "White";
      instanceColor2 = "White";
      collisionType = "Collision Mesh";
      decalType = "Collision Mesh";
      prebuildCollisionData = "0";
      renderNormals = "0";
      forceDetail = "-1";
      position = "-318.063904 -97.996933 36.6564522";
      scale = "1 1 1";
      rotationMatrix = "-0.0153950434 -0.998966455 0.0427667201 0.999849856 -0.0157207716 -0.00729053142 0.00795532204 0.0426480584 0.999058485";
      isRenderEnabled = "false";
      canSave = "1";
      canSaveDynamicFields = "1";
      persistentId = "924be8c6-9492-40e4-94c7-af43438c0ac0";
   };
   new TSStatic() {
      shapeName = "/levels/hirochi_raceway/art/shapes/buildings/hr_plasticbarrier.DAE";
      dynamic = "0";
      playAmbient = "1";
      meshCulling = "0";
      originSort = "0";
      useInstanceRenderData = "0";
      instanceColor = "White";
      instanceColor1 = "White";
      instanceColor2 = "White";
      collisionType = "Collision Mesh";
      decalType = "Collision Mesh";
      prebuildCollisionData = "0";
      renderNormals = "0";
      forceDetail = "-1";
      position = "-318.256195 -103.723969 36.9245567";
      scale = "1 1 1";
      rotationMatrix = "-0.0417675115 -0.997884154 0.0498269834 0.999126852 -0.0417646468 0.00109912269 0.00098420924 0.0498293862 0.998757243";
      isRenderEnabled = "false";
      canSave = "1";
      canSaveDynamicFields = "1";
      persistentId = "de497eb5-2711-4b51-be47-f1e2517a3e51";
   };
   new TSStatic() {
      shapeName = "/levels/hirochi_raceway/art/shapes/buildings/hr_plasticbarrier.DAE";
      dynamic = "0";
      playAmbient = "1";
      meshCulling = "0";
      originSort = "0";
      useInstanceRenderData = "0";
      instanceColor = "White";
      instanceColor1 = "White";
      instanceColor2 = "White";
      collisionType = "Collision Mesh";
      decalType = "Collision Mesh";
      prebuildCollisionData = "0";
      renderNormals = "0";
      forceDetail = "-1";
      position = "-318.143463 -100.864502 36.7837143";
      scale = "1 1 1";
      rotationMatrix = "-0.0391161069 -0.998065948 0.0483148172 0.999198198 -0.0394819677 -0.00664108805 0.00853580795 0.048016306 0.998810053";
      isRenderEnabled = "false";
      canSave = "1";
      canSaveDynamicFields = "1";
      persistentId = "f7e48445-ce59-4ab3-8f96-3390f678fb29";
   };
   new TSStatic() {
      shapeName = "/levels/hirochi_raceway/art/shapes/buildings/hr_plasticbarrier.DAE";
      dynamic = "0";
      playAmbient = "1";
      meshCulling = "0";
      originSort = "0";
      useInstanceRenderData = "0";
      instanceColor = "White";
      instanceColor1 = "White";
      instanceColor2 = "White";
      collisionType = "Collision Mesh";
      decalType = "Collision Mesh";
      prebuildCollisionData = "0";
      renderNormals = "0";
      forceDetail = "-1";
      position = "-318.388763 -106.591568 37.0857544";
      scale = "1 1 1";
      rotationMatrix = "-0.0516084172 -0.996760368 0.0616873764 0.998666525 -0.0515923463 0.00185441726 0.00133418676 0.0617008209 0.998093784";
      isRenderEnabled = "false";
      canSave = "1";
      canSaveDynamicFields = "1";
      persistentId = "7e382f27-ef3e-400c-a227-d3eeb00c4780";
   };
   new TSStatic() {
      shapeName = "/levels/hirochi_raceway/art/shapes/buildings/hr_plasticbarrier.DAE";
      dynamic = "0";
      playAmbient = "1";
      meshCulling = "0";
      originSort = "0";
      useInstanceRenderData = "0";
      instanceColor = "White";
      instanceColor1 = "White";
      instanceColor2 = "White";
      collisionType = "Collision Mesh";
      decalType = "Collision Mesh";
      prebuildCollisionData = "0";
      renderNormals = "0";
      forceDetail = "-1";
      position = "-318.536926 -109.449417 37.2695465";
      scale = "1 1 1";
      rotationMatrix = "-0.0539658926 -0.996229529 0.0679294169 0.998539627 -0.0536698811 0.00617643306 -0.00250738114 0.068163529 0.997671008";
      isRenderEnabled = "false";
      canSave = "1";
      canSaveDynamicFields = "1";
      persistentId = "90d8b553-875b-4a86-bc13-cc23eda5e637";
   };
   new TSStatic() {
      shapeName = "/levels/hirochi_raceway/art/shapes/buildings/hr_plasticbarrier.DAE";
      dynamic = "0";
      playAmbient = "1";
      meshCulling = "0";
      originSort = "0";
      useInstanceRenderData = "0";
      instanceColor = "White";
      instanceColor1 = "White";
      instanceColor2 = "White";
      collisionType = "Collision Mesh";
      decalType = "Collision Mesh";
      prebuildCollisionData = "0";
      renderNormals = "0";
      forceDetail = "-1";
      position = "-75.4156036 -124.898392 29.5140781";
      scale = "1 1 1";
      rotationMatrix = "0.853334129 0.515699625 -0.076647304 -0.512379229 0.856691599 0.0595565438 0.0963763967 -0.0115491413 0.995277941";
      isRenderEnabled = "false";
      canSave = "1";
      canSaveDynamicFields = "1";
      persistentId = "fd25f24b-d65d-4121-9df7-4498df5b7342";
   };
   new TSStatic() {
      shapeName = "/levels/hirochi_raceway/art/shapes/buildings/hr_plasticbarrier.DAE";
      dynamic = "0";
      playAmbient = "1";
      meshCulling = "0";
      originSort = "0";
      useInstanceRenderData = "0";
      instanceColor = "White";
      instanceColor1 = "White";
      instanceColor2 = "White";
      collisionType = "Collision Mesh";
      decalType = "Collision Mesh";
      prebuildCollisionData = "0";
      renderNormals = "0";
      forceDetail = "-1";
      position = "-77.8684082 -126.372513 29.7458096";
      scale = "1 1 1";
      rotationMatrix = "0.851761818 0.517122746 -0.0841776952 -0.513846338 0.855886102 0.0584888719 0.102292448 -0.00656418735 0.994732738";
      isRenderEnabled = "false";
      canSave = "1";
      canSaveDynamicFields = "1";
      persistentId = "c1b7aaf5-146d-4915-aa82-d710a0b68c8f";
   };
   new TSStatic() {
      shapeName = "/levels/hirochi_raceway/art/shapes/buildings/hr_plasticbarrier.DAE";
      dynamic = "0";
      playAmbient = "1";
      meshCulling = "0";
      originSort = "0";
      useInstanceRenderData = "0";
      instanceColor = "White";
      instanceColor1 = "White";
      instanceColor2 = "White";
      collisionType = "Collision Mesh";
      decalType = "Collision Mesh";
      prebuildCollisionData = "0";
      renderNormals = "0";
      forceDetail = "-1";
      position = "-82.7549286 -129.369431 30.2805519";
      scale = "1 1 1";
      rotationMatrix = "0.845226884 0.526501238 -0.0915857181 -0.523749232 0.850170791 0.0538182035 0.106198847 0.00247935718 0.99434185";
      isRenderEnabled = "false";
      canSave = "1";
      canSaveDynamicFields = "1";
      persistentId = "0375b01b-5f8c-40fb-9da9-262003eb8be3";
   };
   new TSStatic() {
      shapeName = "/levels/hirochi_raceway/art/shapes/buildings/hr_plasticbarrier.DAE";
      dynamic = "0";
      playAmbient = "1";
      meshCulling = "0";
      originSort = "0";
      useInstanceRenderData = "0";
      instanceColor = "White";
      instanceColor1 = "White";
      instanceColor2 = "White";
      collisionType = "Collision Mesh";
      decalType = "Collision Mesh";
      prebuildCollisionData = "0";
      renderNormals = "0";
      forceDetail = "-1";
      position = "-80.3205719 -127.865021 30.014204";
      scale = "1 1 1";
      rotationMatrix = "0.845978141 0.52503264 -0.0930679068 -0.521693349 0.851080775 0.0591400862 0.11025878 -0.00147831463 0.993901789";
      isRenderEnabled = "false";
      canSave = "1";
      canSaveDynamicFields = "1";
      persistentId = "a338763b-fab3-45a1-90ee-1c54ef2c03a5";
   };
   new TSStatic() {
      shapeName = "/levels/hirochi_raceway/art/shapes/buildings/hr_plasticbarrier.DAE";
      dynamic = "0";
      playAmbient = "1";
      meshCulling = "0";
      originSort = "0";
      useInstanceRenderData = "0";
      instanceColor = "White";
      instanceColor1 = "White";
      instanceColor2 = "White";
      collisionType = "Collision Mesh";
      decalType = "Collision Mesh";
      prebuildCollisionData = "0";
      renderNormals = "0";
      forceDetail = "-1";
      position = "-85.1774292 -130.905869 30.5523853";
      scale = "1 1 1";
      rotationMatrix = "0.83203125 0.546496749 -0.0952117369 -0.543265522 0.837458014 0.0593856014 0.112189874 0.00231457315 0.993684113";
      isRenderEnabled = "false";
      canSave = "1";
      canSaveDynamicFields = "1";
      persistentId = "081f7ddf-a532-4c96-a1fa-d2c93185ca96";
   };
   new TSStatic() {
      shapeName = "/levels/hirochi_raceway/art/shapes/buildings/hr_plasticbarrier.DAE";
      dynamic = "0";
      playAmbient = "1";
      meshCulling = "0";
      originSort = "0";
      useInstanceRenderData = "0";
      instanceColor = "White";
      instanceColor1 = "White";
      instanceColor2 = "White";
      collisionType = "Collision Mesh";
      decalType = "Collision Mesh";
      prebuildCollisionData = "0";
      renderNormals = "0";
      forceDetail = "-1";
      position = "-87.5712891 -132.473923 30.8075695";
      scale = "1 1 1";
      rotationMatrix = "0.830535471 0.548580945 -0.0962795243 -0.545332909 0.836092293 0.0596797168 0.113237724 0.00293826987 0.993563592";
      isRenderEnabled = "false";
      canSave = "1";
      canSaveDynamicFields = "1";
      persistentId = "33a47351-c483-43b5-a7dc-b9016ba83a93";
   };
   new TSStatic() {
      shapeName = "/levels/hirochi_raceway/art/shapes/buildings/hr_plasticbarrier.DAE";
      dynamic = "0";
      playAmbient = "1";
      meshCulling = "0";
      originSort = "0";
      useInstanceRenderData = "0";
      instanceColor = "White";
      instanceColor1 = "White";
      instanceColor2 = "White";
      collisionType = "Collision Mesh";
      decalType = "Collision Mesh";
      prebuildCollisionData = "0";
      renderNormals = "0";
      forceDetail = "-1";
      position = "-81.7743225 -146.513611 29.9746895";
      scale = "1 1 1";
      rotationMatrix = "0.835822225 0.540638208 -0.0954543278 -0.535000443 0.841116846 0.0793535784 0.123189822 -0.0152573762 0.992265821";
      isRenderEnabled = "false";
      canSave = "1";
      canSaveDynamicFields = "1";
      persistentId = "3064b14e-4a7f-4e45-a67e-2f7935583713";
   };
   new TSStatic() {
      shapeName = "/levels/hirochi_raceway/art/shapes/buildings/hr_plasticbarrier.DAE";
      dynamic = "0";
      playAmbient = "1";
      meshCulling = "0";
      originSort = "0";
      useInstanceRenderData = "0";
      instanceColor = "White";
      instanceColor1 = "White";
      instanceColor2 = "White";
      collisionType = "Collision Mesh";
      decalType = "Collision Mesh";
      prebuildCollisionData = "0";
      renderNormals = "0";
      forceDetail = "-1";
      position = "-79.3656311 -144.96843 29.6951618";
      scale = "1 1 1";
      rotationMatrix = "0.837251246 0.538542569 -0.0947745964 -0.533157229 0.84247905 0.0772812814 0.121464871 -0.0141740879 0.992494524";
      isRenderEnabled = "false";
      canSave = "1";
      canSaveDynamicFields = "1";
      persistentId = "b49e4161-7dfb-4efa-9c19-d84aea63fa03";
   };
   new TSStatic() {
      shapeName = "/levels/hirochi_raceway/art/shapes/buildings/hr_plasticbarrier.DAE";
      dynamic = "0";
      playAmbient = "1";
      meshCulling = "0";
      originSort = "0";
      useInstanceRenderData = "0";
      instanceColor = "White";
      instanceColor1 = "White";
      instanceColor2 = "White";
      collisionType = "Collision Mesh";
      decalType = "Collision Mesh";
      prebuildCollisionData = "0";
      renderNormals = "0";
      forceDetail = "-1";
      position = "-74.480011 -141.973999 29.1697216";
      scale = "1 1 1";
      rotationMatrix = "0.851274848 0.516913891 -0.0901728123 -0.511178195 0.855757833 0.0798460022 0.1184396 -0.0218765177 0.992720246";
      isRenderEnabled = "false";
      canSave = "1";
      canSaveDynamicFields = "1";
      persistentId = "c9cabb8e-4b2a-40f2-bede-0391d5e40f43";
   };
   new TSStatic() {
      shapeName = "/levels/hirochi_raceway/art/shapes/buildings/hr_plasticbarrier.DAE";
      dynamic = "0";
      playAmbient = "1";
      meshCulling = "0";
      originSort = "0";
      useInstanceRenderData = "0";
      instanceColor = "White";
      instanceColor1 = "White";
      instanceColor2 = "White";
      collisionType = "Collision Mesh";
      decalType = "Collision Mesh";
      prebuildCollisionData = "0";
      renderNormals = "0";
      forceDetail = "-1";
      position = "-76.9285889 -143.455139 29.4391594";
      scale = "1 1 1";
      rotationMatrix = "0.84986335 0.518444359 -0.0945924371 -0.513350606 0.854992986 0.0738793015 0.119178176 -0.0142282275 0.99277091";
      isRenderEnabled = "false";
      canSave = "1";
      canSaveDynamicFields = "1";
      persistentId = "536a3ade-b237-4de5-a53a-5da1d4912aac";
   };
   new TSStatic() {
      shapeName = "/levels/hirochi_raceway/art/shapes/buildings/hr_plasticbarrier.DAE";
      dynamic = "0";
      playAmbient = "1";
      meshCulling = "0";
      originSort = "0";
      useInstanceRenderData = "0";
      instanceColor = "White";
      instanceColor1 = "White";
      instanceColor2 = "White";
      collisionType = "Collision Mesh";
      decalType = "Collision Mesh";
      prebuildCollisionData = "0";
      renderNormals = "0";
      forceDetail = "-1";
      position = "-72.0137482 -140.504913 28.911417";
      scale = "1 1 1";
      rotationMatrix = "0.856384516 0.509025633 -0.0865936428 -0.503162324 0.860356152 0.0813324079 0.115901649 -0.0260811597 0.992918193";
      isRenderEnabled = "false";
      canSave = "1";
      canSaveDynamicFields = "1";
      persistentId = "46d2d43d-9b36-4ed7-b447-d1b00eff2b72";
   };
   new TSStatic() {
      shapeName = "/levels/hirochi_raceway/art/shapes/buildings/hr_plasticbarrier.DAE";
      dynamic = "0";
      playAmbient = "1";
      meshCulling = "0";
      originSort = "0";
      useInstanceRenderData = "0";
      instanceColor = "White";
      instanceColor1 = "White";
      instanceColor2 = "White";
      collisionType = "Collision Mesh";
      decalType = "Collision Mesh";
      prebuildCollisionData = "0";
      renderNormals = "0";
      forceDetail = "-1";
      position = "-69.5470123 -139.05423 28.6515179";
      scale = "1 1 1";
      rotationMatrix = "0.857481539 0.507662237 -0.0836929381 -0.502851248 0.861320555 0.0725776181 0.108931363 -0.0201488696 0.993845046";
      isRenderEnabled = "false";
      canSave = "1";
      canSaveDynamicFields = "1";
      persistentId = "6a2d9732-5a3b-4351-81a9-77ef3bcbad4e";
   };
   new TSStatic() {
      shapeName = "/levels/hirochi_raceway/art/shapes/buildings/hr_plasticbarrier.DAE";
      dynamic = "0";
      playAmbient = "1";
      meshCulling = "0";
      originSort = "0";
      useInstanceRenderData = "0";
      instanceColor = "White";
      instanceColor1 = "White";
      instanceColor2 = "White";
      collisionType = "Collision Mesh";
      decalType = "Collision Mesh";
      prebuildCollisionData = "0";
      renderNormals = "0";
      forceDetail = "-1";
      position = "8.70336914 -114.427856 26.4261932";
      scale = "1 1 1";
      rotationMatrix = "0.93610847 -0.351056367 -0.0214557201 0.351545662 0.935797334 0.0264386274 0.0107967565 -0.0322920904 0.999420166";
      isRenderEnabled = "false";
      canSave = "1";
      canSaveDynamicFields = "1";
      persistentId = "d83ad3dd-da4d-44d7-a190-cf6f62de6c77";
   };
   new TSStatic() {
      shapeName = "/levels/hirochi_raceway/art/shapes/buildings/hr_plasticbarrier.DAE";
      dynamic = "0";
      playAmbient = "1";
      meshCulling = "0";
      originSort = "0";
      useInstanceRenderData = "0";
      instanceColor = "White";
      instanceColor1 = "White";
      instanceColor2 = "White";
      collisionType = "Collision Mesh";
      decalType = "Collision Mesh";
      prebuildCollisionData = "0";
      renderNormals = "0";
      forceDetail = "-1";
      position = "6.02406311 -113.422623 26.4777908";
      scale = "1 1 1";
      rotationMatrix = "0.93642962 -0.350002229 -0.0244533382 0.350606143 0.936115563 0.0276224725 0.0132232243 -0.0344399922 0.999319255";
      isRenderEnabled = "false";
      canSave = "1";
      canSaveDynamicFields = "1";
      persistentId = "381158ca-bcf8-48a8-b20a-ed15b11053f3";
   };
   new TSStatic() {
      shapeName = "/levels/hirochi_raceway/art/shapes/buildings/hr_plasticbarrier.DAE";
      dynamic = "0";
      playAmbient = "1";
      meshCulling = "0";
      originSort = "0";
      useInstanceRenderData = "0";
      instanceColor = "White";
      instanceColor1 = "White";
      instanceColor2 = "White";
      collisionType = "Collision Mesh";
      decalType = "Collision Mesh";
      prebuildCollisionData = "0";
      renderNormals = "0";
      forceDetail = "-1";
      position = "0.639160156 -111.457336 26.6089859";
      scale = "1 1 1";
      rotationMatrix = "0.940177977 -0.34010607 -0.0198287945 0.340648741 0.939320803 0.0404330492 0.00487407343 -0.0447689183 0.998985469";
      isRenderEnabled = "false";
      canSave = "1";
      canSaveDynamicFields = "1";
      persistentId = "604e6d8a-116e-4961-bbec-c7215f5a3a8e";
   };
   new TSStatic() {
      shapeName = "/levels/hirochi_raceway/art/shapes/buildings/hr_plasticbarrier.DAE";
      dynamic = "0";
      playAmbient = "1";
      meshCulling = "0";
      originSort = "0";
      useInstanceRenderData = "0";
      instanceColor = "White";
      instanceColor1 = "White";
      instanceColor2 = "White";
      collisionType = "Collision Mesh";
      decalType = "Collision Mesh";
      prebuildCollisionData = "0";
      renderNormals = "0";
      forceDetail = "-1";
      position = "3.33073425 -112.429321 26.5460281";
      scale = "1 1 1";
