//--- OBJECT WRITE BEGIN ---
$ThisPrefab = new SimGroup() {
   canSave = "1";
   canSaveDynamicFields = "1";
      groupPosition = "0 0 0";

   new TSStatic() {
      shapeName = "/levels/hirochi_raceway/art/shapes/buildings/hr_plasticbarrier.DAE";
      dynamic = "0";
      playAmbient = "1";
      meshCulling = "0";
      originSort = "0";
      useInstanceRenderData = "0";
      instanceColor = "White";
      instanceColor1 = "White";
      instanceColor2 = "White";
      collisionType = "Collision Mesh";
      decalType = "Collision Mesh";
      prebuildCollisionData = "0";
      renderNormals = "0";
      forceDetail = "-1";
      position = "-385.014435 263.24762 25.0234966";
      scale = "1 1 1";
      rotationMatrix = "-0.364194095 0.931322932 0.000467870326 -0.931320071 -0.364194155 0.00235987827 0.00236820453 0.00042371676 0.999997079";
      isRenderEnabled = "false";
      canSave = "1";
      canSaveDynamicFields = "1";
      persistentId = "23bcb251-a437-42d9-a97a-0be2db77f681";
   };
   new TSStatic() {
      shapeName = "/levels/hirochi_raceway/art/shapes/buildings/hr_plasticbarrier.DAE";
      dynamic = "0";
      playAmbient = "1";
      meshCulling = "0";
      originSort = "0";
      useInstanceRenderData = "0";
      instanceColor = "White";
      instanceColor1 = "White";
      instanceColor2 = "White";
      collisionType = "Collision Mesh";
      decalType = "Collision Mesh";
      prebuildCollisionData = "0";
      renderNormals = "0";
      forceDetail = "-1";
      position = "-386.012665 265.918915 25.0189838";
      scale = "1 1 1";
      rotationMatrix = "-0.340546906 0.940225899 -0.00173641043 -0.940226614 -0.340543419 0.00202287268 0.00131063419 0.00232150219 0.999996424";
      isRenderEnabled = "false";
      canSave = "1";
      canSaveDynamicFields = "1";
      persistentId = "327e0983-9c4f-4079-8e21-c3cc1743eace";
   };
   new TSStatic() {
      shapeName = "/levels/hirochi_raceway/art/shapes/buildings/hr_plasticbarrier.DAE";
      dynamic = "0";
      playAmbient = "1";
      meshCulling = "0";
      originSort = "0";
      useInstanceRenderData = "0";
      instanceColor = "White";
      instanceColor1 = "White";
      instanceColor2 = "White";
      collisionType = "Collision Mesh";
      decalType = "Collision Mesh";
      prebuildCollisionData = "0";
      renderNormals = "0";
      forceDetail = "-1";
      position = "-387.106049 268.589264 25.0123482";
      scale = "1 1 1";
      rotationMatrix = "-0.393532127 0.91930902 0.00183729304 -0.919308066 -0.393535078 0.00168899668 0.00227574911 -0.0010243638 0.999996901";
      isRenderEnabled = "false";
      canSave = "1";
      canSaveDynamicFields = "1";
      persistentId = "41986719-e983-4bae-8e7d-b93128d1b22e";
   };
   new TSStatic() {
      shapeName = "/levels/hirochi_raceway/art/shapes/buildings/hr_plasticbarrier.DAE";
      dynamic = "0";
      playAmbient = "1";
      meshCulling = "0";
      originSort = "0";
      useInstanceRenderData = "0";
      instanceColor = "White";
      instanceColor1 = "White";
      instanceColor2 = "White";
      collisionType = "Collision Mesh";
      decalType = "Collision Mesh";
      prebuildCollisionData = "0";
      renderNormals = "0";
      forceDetail = "-1";
      position = "-381.003937 252.379044 25.0262947";
      scale = "1 1 1";
      rotationMatrix = "-0.338307202 0.941030264 0.00319967931 -0.941034913 -0.338309437 0.000175330832 0.00124747329 -0.00295169419 0.999994874";
      isRenderEnabled = "false";
      canSave = "1";
      canSaveDynamicFields = "1";
      persistentId = "a52cbc81-ddfe-4e33-a80b-03bb42d15ded";
   };
   new TSStatic() {
      shapeName = "/levels/hirochi_raceway/art/shapes/buildings/hr_plasticbarrier.DAE";
      dynamic = "0";
      playAmbient = "1";
      meshCulling = "0";
      originSort = "0";
      useInstanceRenderData = "0";
      instanceColor = "White";
      instanceColor1 = "White";
      instanceColor2 = "White";
      collisionType = "Collision Mesh";
      decalType = "Collision Mesh";
      prebuildCollisionData = "0";
      renderNormals = "0";
      forceDetail = "-1";
      position = "-381.92688 255.077225 25.0268345";
      scale = "1 1 1";
      rotationMatrix = "-0.314301938 0.949319959 -0.00242439006 -0.94932133 -0.314295471 0.00271653035 0.00181688182 0.00315533602 0.999993384";
      isRenderEnabled = "false";
      canSave = "1";
      canSaveDynamicFields = "1";
      persistentId = "664e072f-3ab3-4622-ac8d-b1e5aac12763";
   };
   new TSStatic() {
      shapeName = "/levels/hirochi_raceway/art/shapes/buildings/hr_plasticbarrier.DAE";
      dynamic = "0";
      playAmbient = "1";
      meshCulling = "0";
      originSort = "0";
      useInstanceRenderData = "0";
      instanceColor = "White";
      instanceColor1 = "White";
      instanceColor2 = "White";
      collisionType = "Collision Mesh";
      decalType = "Collision Mesh";
      prebuildCollisionData = "0";
      renderNormals = "0";
      forceDetail = "-1";
      position = "-383.977966 260.453308 25.0248203";
      scale = "1 1 1";
      rotationMatrix = "-0.346451372 0.93806684 -0.00142946839 -0.938059986 -0.346441746 0.00464824168 0.00386513374 0.00295131677 0.999988198";
      isRenderEnabled = "false";
      canSave = "1";
      canSaveDynamicFields = "1";
      persistentId = "4697b3e8-377e-4b36-ba12-01451479430d";
   };
   new TSStatic() {
      shapeName = "/levels/hirochi_raceway/art/shapes/buildings/hr_plasticbarrier.DAE";
      dynamic = "0";
      playAmbient = "1";
      meshCulling = "0";
      originSort = "0";
      useInstanceRenderData = "0";
      instanceColor = "White";
      instanceColor1 = "White";
      instanceColor2 = "White";
      collisionType = "Collision Mesh";
      decalType = "Collision Mesh";
      prebuildCollisionData = "0";
      renderNormals = "0";
      forceDetail = "-1";
      position = "-382.944824 257.777161 25.0205555";
      scale = "1 1 1";
      rotationMatrix = "-0.367645323 0.929966092 -0.000156223789 -0.92995888 -0.367641807 0.00399611425 0.00365881622 0.00161443441 0.999992013";
      isRenderEnabled = "false";
      canSave = "1";
      canSaveDynamicFields = "1";
      persistentId = "459d865b-3fc1-429b-ad45-f829a04b21db";
   };
   new TSStatic() {
      shapeName = "/levels/hirochi_raceway/art/shapes/buildings/hr_plasticbarrier.DAE";
      dynamic = "0";
      playAmbient = "1";
      meshCulling = "0";
      originSort = "0";
      useInstanceRenderData = "0";
      instanceColor = "White";
      instanceColor1 = "White";
      instanceColor2 = "White";
      collisionType = "Collision Mesh";
      decalType = "Collision Mesh";
      prebuildCollisionData = "0";
      renderNormals = "0";
      forceDetail = "-1";
      position = "-383.847565 200.786316 25.0065708";
      scale = "1 1 1";
      rotationMatrix = "-0.00598714687 0.99997735 -0.00308330567 -0.999964654 -0.00596882775 0.00591669884 0.00589816133 0.00311862095 0.999977767";
      isRenderEnabled = "false";
      canSave = "1";
      canSaveDynamicFields = "1";
      persistentId = "e680ac73-303f-47c0-a0ef-1c49a7be81da";
   };
   new TSStatic() {
      shapeName = "/levels/hirochi_raceway/art/shapes/buildings/hr_plasticbarrier.DAE";
      dynamic = "0";
      playAmbient = "1";
      meshCulling = "0";
      originSort = "0";
      useInstanceRenderData = "0";
      instanceColor = "White";
      instanceColor1 = "White";
      instanceColor2 = "White";
      collisionType = "Collision Mesh";
      decalType = "Collision Mesh";
      prebuildCollisionData = "0";
      renderNormals = "0";
      forceDetail = "-1";
      position = "-383.801727 197.934998 25.0206203";
      scale = "1 1 1";
      rotationMatrix = "-0.031430468 0.999490499 -0.00555916736 -0.999505043 -0.0314224139 0.00153020024 0.00135473814 0.0056045102 0.99998337";
      isRenderEnabled = "false";
      canSave = "1";
      canSaveDynamicFields = "1";
      persistentId = "6c4a4aa3-ffac-45af-bbaf-4ee576c21fdf";
   };
   new TSStatic() {
      shapeName = "/levels/hirochi_raceway/art/shapes/buildings/hr_plasticbarrier.DAE";
      dynamic = "0";
      playAmbient = "1";
      meshCulling = "0";
      originSort = "0";
      useInstanceRenderData = "0";
      instanceColor = "White";
      instanceColor1 = "White";
      instanceColor2 = "White";
      collisionType = "Collision Mesh";
      decalType = "Collision Mesh";
      prebuildCollisionData = "0";
      renderNormals = "0";
      forceDetail = "-1";
      position = "-384.049072 203.75914 25.0000401";
      scale = "1 1 1";
      rotationMatrix = "-0.109489828 0.993987918 -0.000229261816 -0.993985951 -0.10948915 0.0020210743 0.00198382162 0.000449170097 0.999997914";
      isRenderEnabled = "false";
      canSave = "1";
      canSaveDynamicFields = "1";
      persistentId = "78983139-0433-4021-867e-0deaf58cd9bf";
   };
   new TSStatic() {
      shapeName = "/levels/hirochi_raceway/art/shapes/buildings/hr_plasticbarrier.DAE";
      dynamic = "0";
      playAmbient = "1";
      meshCulling = "0";
      originSort = "0";
      useInstanceRenderData = "0";
      instanceColor = "White";
      instanceColor1 = "White";
      instanceColor2 = "White";
      collisionType = "Collision Mesh";
      decalType = "Collision Mesh";
      prebuildCollisionData = "0";
      renderNormals = "0";
      forceDetail = "-1";
      position = "-384.318298 206.598083 25.0196991";
      scale = "1 1 1";
      rotationMatrix = "-0.0842768848 0.996442378 -0.000229962054 -0.996435285 -0.084275417 0.00378440693 0.00375156314 0.000548080367 0.999992788";
      isRenderEnabled = "false";
      canSave = "1";
      canSaveDynamicFields = "1";
      persistentId = "c4d07793-04d5-4da9-9cc4-a2e27ad5ae6e";
   };
   new TSStatic() {
      shapeName = "/levels/hirochi_raceway/art/shapes/buildings/hr_plasticbarrier.DAE";
      dynamic = "0";
      playAmbient = "1";
      meshCulling = "0";
      originSort = "0";
      useInstanceRenderData = "0";
      instanceColor = "White";
      instanceColor1 = "White";
      instanceColor2 = "White";
      collisionType = "Collision Mesh";
      decalType = "Collision Mesh";
      prebuildCollisionData = "0";
      renderNormals = "0";
      forceDetail = "-1";
      position = "-385.061066 212.304062 25.021019";
      scale = "1 1 1";
      rotationMatrix = "-0.11863143 0.992936671 0.00183152768 -0.992938101 -0.118632481 0.000476552144 0.000690464803 -0.00176205963 0.999998212";
      isRenderEnabled = "false";
      canSave = "1";
      canSaveDynamicFields = "1";
      persistentId = "6bb61053-b257-4c3d-b859-18770ec5348c";
   };
   new TSStatic() {
      shapeName = "/levels/hirochi_raceway/art/shapes/buildings/hr_plasticbarrier.DAE";
      dynamic = "0";
      playAmbient = "1";
      meshCulling = "0";
      originSort = "0";
      useInstanceRenderData = "0";
      instanceColor = "White";
      instanceColor1 = "White";
      instanceColor2 = "White";
      collisionType = "Collision Mesh";
      decalType = "Collision Mesh";
      prebuildCollisionData = "0";
      renderNormals = "0";
      forceDetail = "-1";
      position = "-384.679565 209.460968 25.0200901";
      scale = "1 1 1";
      rotationMatrix = "-0.140968457 0.990013003 -0.00145617151 -0.990012586 -0.140965506 0.00195655413 0.00173174404 0.00171744043 0.99999702";
      isRenderEnabled = "false";
      canSave = "1";
      canSaveDynamicFields = "1";
      persistentId = "560cd6a2-7e86-4c33-9599-d4c637c158e6";
   };
   new TSStatic() {
      shapeName = "/levels/hirochi_raceway/art/shapes/buildings/hr_plasticbarrier.DAE";
      dynamic = "0";
      playAmbient = "1";
      meshCulling = "0";
      originSort = "0";
      useInstanceRenderData = "0";
      instanceColor = "White";
      instanceColor1 = "White";
      instanceColor2 = "White";
      collisionType = "Collision Mesh";
      decalType = "Collision Mesh";
      prebuildCollisionData = "0";
      renderNormals = "0";
      forceDetail = "-1";
      position = "-386.308197 220.887741 25.0205555";
      scale = "1 1 1";
      rotationMatrix = "-0.180462569 0.983581841 -0.000156223789 -0.983574092 -0.180460528 0.00399611052 0.00390230957 0.000874806079 0.999992013";
      isRenderEnabled = "false";
      canSave = "1";
      canSaveDynamicFields = "1";
      persistentId = "2e88e0e9-7892-488a-aa75-58c5b99a53be";
   };
   new TSStatic() {
      shapeName = "/levels/hirochi_raceway/art/shapes/buildings/hr_plasticbarrier.DAE";
      dynamic = "0";
      playAmbient = "1";
      meshCulling = "0";
      originSort = "0";
      useInstanceRenderData = "0";
      instanceColor = "White";
      instanceColor1 = "White";
      instanceColor2 = "White";
      collisionType = "Collision Mesh";
      decalType = "Collision Mesh";
      prebuildCollisionData = "0";
      renderNormals = "0";
      forceDetail = "-1";
      position = "-386.803131 223.713333 25.0248203";
      scale = "1 1 1";
      rotationMatrix = "-0.158100352 0.987421989 -0.00142946839 -0.987413406 -0.158092245 0.00464823889 0.0043637855 0.00214636442 0.999988198";
      isRenderEnabled = "false";
      canSave = "1";
      canSaveDynamicFields = "1";
      persistentId = "3b40ca13-05bf-469f-ba37-b42933d9d57c";
   };
   new TSStatic() {
      shapeName = "/levels/hirochi_raceway/art/shapes/buildings/hr_plasticbarrier.DAE";
      dynamic = "0";
      playAmbient = "1";
      meshCulling = "0";
      originSort = "0";
      useInstanceRenderData = "0";
      instanceColor = "White";
      instanceColor1 = "White";
      instanceColor2 = "White";
      collisionType = "Collision Mesh";
      decalType = "Collision Mesh";
      prebuildCollisionData = "0";
      renderNormals = "0";
      forceDetail = "-1";
      position = "-385.832703 218.041702 25.0268345";
      scale = "1 1 1";
      rotationMatrix = "-0.124379769 0.992231727 -0.00242438889 -0.992231786 -0.124373145 0.00271653361 0.00239390205 0.00274343765 0.999993384";
      isRenderEnabled = "false";
      canSave = "1";
      canSaveDynamicFields = "1";
      persistentId = "47157859-1339-4c04-b7ee-4beb884b167b";
   };
   new TSStatic() {
      shapeName = "/levels/hirochi_raceway/art/shapes/buildings/hr_plasticbarrier.DAE";
      dynamic = "0";
      playAmbient = "1";
      meshCulling = "0";
      originSort = "0";
      useInstanceRenderData = "0";
      instanceColor = "White";
      instanceColor1 = "White";
      instanceColor2 = "White";
      collisionType = "Collision Mesh";
      decalType = "Collision Mesh";
      prebuildCollisionData = "0";
      renderNormals = "0";
      forceDetail = "-1";
      position = "-385.450134 215.215836 25.0262947";
      scale = "1 1 1";
      rotationMatrix = "-0.149536401 0.988751054 0.00319967465 -0.988756001 -0.149537712 0.000175330788 0.000651830516 -0.00313747907 0.999994874";
      isRenderEnabled = "false";
      canSave = "1";
      canSaveDynamicFields = "1";
      persistentId = "f3b285d7-f9a0-4c14-9c82-fd68564503c7";
   };
   new TSStatic() {
      shapeName = "/levels/hirochi_raceway/art/shapes/buildings/hr_plasticbarrier.DAE";
      dynamic = "0";
      playAmbient = "1";
      meshCulling = "0";
      originSort = "0";
      useInstanceRenderData = "0";
      instanceColor = "White";
      instanceColor1 = "White";
      instanceColor2 = "White";
      collisionType = "Collision Mesh";
      decalType = "Collision Mesh";
      prebuildCollisionData = "0";
      renderNormals = "0";
      forceDetail = "-1";
      position = "-389.455414 237.990479 24.9917927";
      scale = "1 1 1";
      rotationMatrix = "-0.216383606 0.976305008 -0.00258044899 -0.976301551 -0.216371432 0.00431783823 0.00365719176 0.00345360581 0.999987364";
      isRenderEnabled = "false";
      canSave = "1";
      canSaveDynamicFields = "1";
      persistentId = "0d37ac3b-e588-43be-878d-3135913a6c72";
   };
   new TSStatic() {
      shapeName = "/levels/hirochi_raceway/art/shapes/buildings/hr_plasticbarrier.DAE";
      dynamic = "0";
      playAmbient = "1";
      meshCulling = "0";
      originSort = "0";
      useInstanceRenderData = "0";
      instanceColor = "White";
      instanceColor1 = "White";
      instanceColor2 = "White";
      collisionType = "Collision Mesh";
      decalType = "Collision Mesh";
      prebuildCollisionData = "0";
      renderNormals = "0";
      forceDetail = "-1";
      position = "-390.029266 240.783768 24.9950123";
      scale = "1 1 1";
      rotationMatrix = "-0.191528276 0.981483281 0.00272818259 -0.981481194 -0.191536009 0.00292834453 0.00339666661 -0.00211679935 0.999992013";
      isRenderEnabled = "false";
      canSave = "1";
      canSaveDynamicFields = "1";
      persistentId = "33f776a6-e137-4773-b9fe-04a72438a0c8";
   };
   new TSStatic() {
      shapeName = "/levels/hirochi_raceway/art/shapes/buildings/hr_plasticbarrier.DAE";
      dynamic = "0";
      playAmbient = "1";
      meshCulling = "0";
      originSort = "0";
      useInstanceRenderData = "0";
      instanceColor = "White";
      instanceColor1 = "White";
      instanceColor2 = "White";
      collisionType = "Collision Mesh";
      decalType = "Collision Mesh";
      prebuildCollisionData = "0";
      renderNormals = "0";
      forceDetail = "-1";
      position = "-391.383179 246.376266 25.0043869";
      scale = "1 1 1";
      rotationMatrix = "-0.224976063 0.974364161 0.00050008297 -0.974362016 -0.224976614 0.00203274214 0.00209313794 -2.9943516e-05 0.999997795";
      isRenderEnabled = "false";
      canSave = "1";
      canSaveDynamicFields = "1";
      persistentId = "d1d6f082-405e-47de-a79b-a19e6590ffcf";
   };
   new TSStatic() {
      shapeName = "/levels/hirochi_raceway/art/shapes/buildings/hr_plasticbarrier.DAE";
      dynamic = "0";
      playAmbient = "1";
      meshCulling = "0";
      originSort = "0";
      useInstanceRenderData = "0";
      instanceColor = "White";
      instanceColor1 = "White";
      instanceColor2 = "White";
      collisionType = "Collision Mesh";
      decalType = "Collision Mesh";
      prebuildCollisionData = "0";
      renderNormals = "0";
      forceDetail = "-1";
      position = "-390.697205 243.590881 25.0018902";
      scale = "1 1 1";
      rotationMatrix = "-0.247106567 0.968988299 -0.0002540797 -0.968987346 -0.247106671 -0.00134967722 -0.00137060625 -8.73140889e-05 0.999999046";
      isRenderEnabled = "false";
      canSave = "1";
      canSaveDynamicFields = "1";
      persistentId = "4a40b06e-e4e4-43ca-943a-095322416115";
   };
   new TSStatic() {
      shapeName = "/levels/hirochi_raceway/art/shapes/buildings/hr_plasticbarrier.DAE";
      dynamic = "0";
      playAmbient = "1";
      meshCulling = "0";
      originSort = "0";
      useInstanceRenderData = "0";
      instanceColor = "White";
      instanceColor1 = "White";
      instanceColor2 = "White";
      collisionType = "Collision Mesh";
      decalType = "Collision Mesh";
      prebuildCollisionData = "0";
      renderNormals = "0";
      forceDetail = "-1";
      position = "-388.295258 232.301315 25.0123482";
      scale = "1 1 1";
      rotationMatrix = "-0.207923859 0.978143275 0.00183729304 -0.978142917 -0.207926959 0.00168899621 0.00203410303 -0.00144595257 0.999996901";
      isRenderEnabled = "false";
      canSave = "1";
      canSaveDynamicFields = "1";
      persistentId = "196ca932-b0f1-4712-a115-dc3b0214c16c";
   };
   new TSStatic() {
      shapeName = "/levels/hirochi_raceway/art/shapes/buildings/hr_plasticbarrier.DAE";
      dynamic = "0";
      playAmbient = "1";
      meshCulling = "0";
      originSort = "0";
      useInstanceRenderData = "0";
      instanceColor = "White";
      instanceColor1 = "White";
      instanceColor2 = "White";
      collisionType = "Collision Mesh";
      decalType = "Collision Mesh";
      prebuildCollisionData = "0";
      renderNormals = "0";
      forceDetail = "-1";
      position = "-388.869263 235.111877 24.9953461";
      scale = "1 1 1";
      rotationMatrix = "-0.18591328 0.982566118 -0.000137772411 -0.982566178 -0.185913265 0.000110266745 8.27306503e-05 0.000155870555 1";
      isRenderEnabled = "false";
      canSave = "1";
      canSaveDynamicFields = "1";
      persistentId = "042e1f7a-43ab-4c82-9736-a713c7845ca3";
   };
   new TSStatic() {
      shapeName = "/levels/hirochi_raceway/art/shapes/buildings/hr_plasticbarrier.DAE";
      dynamic = "0";
      playAmbient = "1";
      meshCulling = "0";
      originSort = "0";
      useInstanceRenderData = "0";
      instanceColor = "White";
      instanceColor1 = "White";
      instanceColor2 = "White";
      collisionType = "Collision Mesh";
      decalType = "Collision Mesh";
      prebuildCollisionData = "0";
      renderNormals = "0";
      forceDetail = "-1";
      position = "-387.740112 229.46965 25.0189838";
      scale = "1 1 1";
      rotationMatrix = "-0.151889637 0.988395929 -0.00173640973 -0.988395929 -0.151886091 0.0020228771 0.001735667 0.00202351436 0.999996424";
      isRenderEnabled = "false";
      canSave = "1";
      canSaveDynamicFields = "1";
      persistentId = "2bfee323-4d02-40be-8c16-31e9bb954fe7";
   };
   new TSStatic() {
      shapeName = "/levels/hirochi_raceway/art/shapes/buildings/hr_plasticbarrier.DAE";
      dynamic = "0";
      playAmbient = "1";
      meshCulling = "0";
      originSort = "0";
      useInstanceRenderData = "0";
      instanceColor = "White";
      instanceColor1 = "White";
      instanceColor2 = "White";
      collisionType = "Collision Mesh";
      decalType = "Collision Mesh";
      prebuildCollisionData = "0";
      renderNormals = "0";
      forceDetail = "-1";
      position = "-387.278442 226.655579 25.0234966";
      scale = "1 1 1";
      rotationMatrix = "-0.176813722 0.984244227 0.000467870355 -0.984241366 -0.176814348 0.002359882 0.00240542646 -4.32378256e-05 0.999997079";
      isRenderEnabled = "false";
      canSave = "1";
      canSaveDynamicFields = "1";
      persistentId = "9cbf29ae-b2e6-41db-a704-b4e18b496581";
   };
   new TSStatic() {
      shapeName = "/levels/hirochi_raceway/art/shapes/buildings/hr_plasticbarrier.DAE";
      dynamic = "0";
      playAmbient = "1";
      meshCulling = "0";
      originSort = "0";
      useInstanceRenderData = "0";
      instanceColor = "White";
      instanceColor1 = "White";
      instanceColor2 = "White";
      collisionType = "Collision Mesh";
      decalType = "Collision Mesh";
      prebuildCollisionData = "0";
      renderNormals = "0";
      forceDetail = "-1";
      position = "-413.895142 457.571594 33.7197189";
      scale = "1 1 1";
      rotationMatrix = "0.95994854 -0.278546542 0.0301762596 0.275531441 0.958073139 0.0786023885 -0.0508054867 -0.0671397373 0.996449232";
      isRenderEnabled = "false";
      canSave = "1";
      canSaveDynamicFields = "1";
      persistentId = "770ae68c-c884-4ad1-8e81-b55cb06d2e68";
   };
   new TSStatic() {
      shapeName = "/levels/hirochi_raceway/art/shapes/buildings/hr_plasticbarrier.DAE";
      dynamic = "0";
      playAmbient = "1";
      meshCulling = "0";
      originSort = "0";
      useInstanceRenderData = "0";
      instanceColor = "White";
      instanceColor1 = "White";
      instanceColor2 = "White";
      collisionType = "Collision Mesh";
      decalType = "Collision Mesh";
      prebuildCollisionData = "0";
      renderNormals = "0";
      forceDetail = "-1";
      position = "-411.167786 456.738831 33.7573242";
      scale = "1 1 1";
      rotationMatrix = "0.953369558 -0.301799476 0.0019003303 0.301231652 0.951926112 0.0556432158 -0.0186020676 -0.0524761043 0.998448908";
      isRenderEnabled = "false";
      canSave = "1";
      canSaveDynamicFields = "1";
      persistentId = "f22ca4bb-286f-4988-86ff-f509306118f9";
   };
   new TSStatic() {
      shapeName = "/levels/hirochi_raceway/art/shapes/buildings/hr_plasticbarrier.DAE";
      dynamic = "0";
      playAmbient = "1";
      meshCulling = "0";
      originSort = "0";
      useInstanceRenderData = "0";
      instanceColor = "White";
      instanceColor1 = "White";
      instanceColor2 = "White";
      collisionType = "Collision Mesh";
      decalType = "Collision Mesh";
      prebuildCollisionData = "0";
      renderNormals = "0";
      forceDetail = "-1";
      position = "-405.609222 455.251556 33.6572914";
      scale = "1 1 1";
      rotationMatrix = "0.962536037 -0.267979115 -0.0413711444 0.268962324 0.962937236 0.0202765409 0.0344041251 -0.0306441803 0.998938084";
      isRenderEnabled = "false";
      canSave = "1";
      canSaveDynamicFields = "1";
      persistentId = "cd9f4903-8e42-42b3-8b86-0e0338537aba";
   };
   new TSStatic() {
      shapeName = "/levels/hirochi_raceway/art/shapes/buildings/hr_plasticbarrier.DAE";
      dynamic = "0";
      playAmbient = "1";
      meshCulling = "0";
      originSort = "0";
      useInstanceRenderData = "0";
      instanceColor = "White";
      instanceColor1 = "White";
      instanceColor2 = "White";
      collisionType = "Collision Mesh";
      decalType = "Collision Mesh";
      prebuildCollisionData = "0";
      renderNormals = "0";
      forceDetail = "-1";
      position = "-408.383209 455.982086 33.7307053";
      scale = "1 1 1";
      rotationMatrix = "0.968926132 -0.246543139 -0.0199653246 0.247056156 0.968551159 0.0295278803 0.0120575419 -0.0335428901 0.999364555";
      isRenderEnabled = "false";
      canSave = "1";
      canSaveDynamicFields = "1";
      persistentId = "f9e3bf87-c47c-4410-859f-574829cac52f";
   };
   new TSStatic() {
      shapeName = "/levels/hirochi_raceway/art/shapes/buildings/hr_plasticbarrier.DAE";
      dynamic = "0";
      playAmbient = "1";
      meshCulling = "0";
      originSort = "0";
      useInstanceRenderData = "0";
      instanceColor = "White";
      instanceColor1 = "White";
      instanceColor2 = "White";
      collisionType = "Collision Mesh";
      decalType = "Collision Mesh";
      prebuildCollisionData = "0";
      renderNormals = "0";
      forceDetail = "-1";
      position = "-397.197815 453.134094 33.1796455";
      scale = "1 1 1";
      rotationMatrix = "0.976183295 -0.20691219 -0.0652187765 0.208193153 0.977995634 0.0134234177 0.061006207 -0.0266818181 0.997780681";
      isRenderEnabled = "false";
      canSave = "1";
      canSaveDynamicFields = "1";
      persistentId = "8b16abc2-98cc-4bfe-a074-f77ccaa8e741";
   };
   new TSStatic() {
      shapeName = "/levels/hirochi_raceway/art/shapes/buildings/hr_plasticbarrier.DAE";
      dynamic = "0";
      playAmbient = "1";
      meshCulling = "0";
      originSort = "0";
      useInstanceRenderData = "0";
      instanceColor = "White";
      instanceColor1 = "White";
      instanceColor2 = "White";
      collisionType = "Collision Mesh";
      decalType = "Collision Mesh";
      prebuildCollisionData = "0";
      renderNormals = "0";
      forceDetail = "-1";
      position = "-394.39682 452.515076 32.9738731";
      scale = "1 1 1";
      rotationMatrix = "0.970219672 -0.228729457 -0.0797285438 0.230281934 0.97306478 0.0107299984 0.0751267746 -0.0287704989 0.996758878";
      isRenderEnabled = "false";
      canSave = "1";
      canSaveDynamicFields = "1";
      persistentId = "4470880a-beae-45e6-bb79-85ffc823f9e8";
   };
   new TSStatic() {
      shapeName = "/levels/hirochi_raceway/art/shapes/buildings/hr_plasticbarrier.DAE";
      dynamic = "0";
      playAmbient = "1";
      meshCulling = "0";
      originSort = "0";
      useInstanceRenderData = "0";
      instanceColor = "White";
      instanceColor1 = "White";
      instanceColor2 = "White";
      collisionType = "Collision Mesh";
      decalType = "Collision Mesh";
      prebuildCollisionData = "0";
      renderNormals = "0";
      forceDetail = "-1";
      position = "-400.010376 453.778809 33.3595428";
      scale = "1 1 1";
      rotationMatrix = "0.963148892 -0.262171209 -0.0600866899 0.263328016 0.964630783 0.0120772747 0.0547951534 -0.0274547227 0.99812007";
      isRenderEnabled = "false";
      canSave = "1";
      canSaveDynamicFields = "1";
      persistentId = "a87ee613-7f7f-4194-8529-4d483deedc8b";
   };
   new TSStatic() {
      shapeName = "/levels/hirochi_raceway/art/shapes/buildings/hr_plasticbarrier.DAE";
      dynamic = "0";
      playAmbient = "1";
      meshCulling = "0";
      originSort = "0";
      useInstanceRenderData = "0";
      instanceColor = "White";
      instanceColor1 = "White";
      instanceColor2 = "White";
      collisionType = "Collision Mesh";
      decalType = "Collision Mesh";
      prebuildCollisionData = "0";
      renderNormals = "0";
      forceDetail = "-1";
      position = "-402.768829 454.501862 33.5199165";
      scale = "1 1 1";
      rotationMatrix = "0.969983757 -0.237716526 -0.0512085892 0.238823667 0.970920682 0.0166221 0.0457681306 -0.0283529907 0.99854964";
      isRenderEnabled = "false";
      canSave = "1";
      canSaveDynamicFields = "1";
      persistentId = "452ac909-1260-4144-b4d9-d83e8c09a9a3";
   };
   new TSStatic() {
      shapeName = "/levels/hirochi_raceway/art/shapes/buildings/hr_plasticbarrier.DAE";
      dynamic = "0";
      playAmbient = "1";
      meshCulling = "0";
      originSort = "0";
      useInstanceRenderData = "0";
      instanceColor = "White";
      instanceColor1 = "White";
      instanceColor2 = "White";
      collisionType = "Collision Mesh";
      decalType = "Collision Mesh";
      prebuildCollisionData = "0";
      renderNormals = "0";
      forceDetail = "-1";
      position = "-391.582428 451.764374 32.7241211";
      scale = "1 1 1";
      rotationMatrix = "0.961476743 -0.263183922 -0.0793514699 0.264226526 0.964456737 0.0027491264 0.0758075342 -0.0236099847 0.996842921";
      isRenderEnabled = "false";
      canSave = "1";
      canSaveDynamicFields = "1";
      persistentId = "e4167ab5-3ddf-430a-b749-4ec48b0c7af8";
   };
   new TSStatic() {
      shapeName = "/levels/hirochi_raceway/art/shapes/buildings/hr_plasticbarrier.DAE";
      dynamic = "0";
      playAmbient = "1";
      meshCulling = "0";
      originSort = "0";
      useInstanceRenderData = "0";
      instanceColor = "White";
      instanceColor1 = "White";
      instanceColor2 = "White";
      collisionType = "Collision Mesh";
      decalType = "Collision Mesh";
      prebuildCollisionData = "0";
      renderNormals = "0";
      forceDetail = "-1";
      position = "-388.844116 450.968414 32.4908295";
      scale = "1 1 1";
      rotationMatrix = "0.954242766 -0.287625313 -0.0818072855 0.287917137 0.957617939 -0.00846263301 0.080774188 -0.015478313 0.996612251";
      isRenderEnabled = "false";
      canSave = "1";
      canSaveDynamicFields = "1";
      persistentId = "62ed80e7-14e0-4673-9e3c-39ca452e2146";
   };
   new TSStatic() {
      shapeName = "/levels/hirochi_raceway/art/shapes/buildings/hr_plasticbarrier.DAE";
      dynamic = "0";
      playAmbient = "1";
      meshCulling = "0";
      originSort = "0";
      useInstanceRenderData = "0";
      instanceColor = "White";
      instanceColor1 = "White";
      instanceColor2 = "White";
      collisionType = "Collision Mesh";
      decalType = "Collision Mesh";
      prebuildCollisionData = "0";
      renderNormals = "0";
      forceDetail = "-1";
      position = "-383.266022 449.556152 32.0702515";
      scale = "1 1 1";
      rotationMatrix = "0.965180337 -0.254586428 -0.0601051785 0.254331559 0.967042863 -0.0119816987 0.0611746609 -0.00372214359 0.998120129";
      isRenderEnabled = "false";
      canSave = "1";
      canSaveDynamicFields = "1";
      persistentId = "f0c955e1-657e-4c5c-8892-7152e30dc5af";
   };
   new TSStatic() {
      shapeName = "/levels/hirochi_raceway/art/shapes/buildings/hr_plasticbarrier.DAE";
      dynamic = "0";
      playAmbient = "1";
      meshCulling = "0";
      originSort = "0";
      useInstanceRenderData = "0";
      instanceColor = "White";
      instanceColor1 = "White";
      instanceColor2 = "White";
      collisionType = "Collision Mesh";
      decalType = "Collision Mesh";
      prebuildCollisionData = "0";
      renderNormals = "0";
      forceDetail = "-1";
      position = "-386.049591 450.249268 32.264637";
      scale = "1 1 1";
      rotationMatrix = "0.969699562 -0.232747227 -0.0742393211 0.232723802 0.972500443 -0.00908689946 0.0743127242 -0.00846569519 0.997199059";
      isRenderEnabled = "false";
      canSave = "1";
      canSaveDynamicFields = "1";
      persistentId = "d6283c44-b92c-4e47-a3f1-97c85ba123f4";
   };
   new TSStatic() {
      shapeName = "/levels/hirochi_raceway/art/shapes/buildings/hr_plasticbarrier.DAE";
      dynamic = "0";
      playAmbient = "1";
      meshCulling = "0";
      originSort = "0";
      useInstanceRenderData = "0";
      instanceColor = "White";
      instanceColor1 = "White";
      instanceColor2 = "White";
      collisionType = "Collision Mesh";
      decalType = "Collision Mesh";
      prebuildCollisionData = "0";
      renderNormals = "0";
      forceDetail = "-1";
      position = "-403.376312 430.786499 33.2942238";
      scale = "1 1 1";
      rotationMatrix = "0.893225253 -0.448296577 -0.0343348943 0.448013484 0.893884182 -0.0159683786 0.0378499888 -0.00111913681 0.999282777";
      isRenderEnabled = "false";
      canSave = "1";
      canSaveDynamicFields = "1";
      persistentId = "ae604a04-d636-43b1-b1ec-1546084e7aa2";
   };
   new TSStatic() {
      shapeName = "/levels/hirochi_raceway/art/shapes/buildings/hr_plasticbarrier.DAE";
      dynamic = "0";
      playAmbient = "1";
      meshCulling = "0";
      originSort = "0";
      useInstanceRenderData = "0";
      instanceColor = "White";
      instanceColor1 = "White";
      instanceColor2 = "White";
      collisionType = "Collision Mesh";
      decalType = "Collision Mesh";
      prebuildCollisionData = "0";
      renderNormals = "0";
      forceDetail = "-1";
      position = "-395.862823 426.497284 32.9221458";
      scale = "1 1 1";
      rotationMatrix = "0.877817512 -0.475077033 -0.0611411072 0.475097477 0.879803002 -0.0151338913 0.0609818958 -0.0157631915 0.99801439";
      isRenderEnabled = "false";
      canSave = "1";
      canSaveDynamicFields = "1";
      persistentId = "0bcfacdf-fb86-49c1-9d69-0cda25a4c452";
   };
   new TSStatic() {
      shapeName = "/levels/hirochi_raceway/art/shapes/buildings/hr_plasticbarrier.DAE";
      dynamic = "0";
      playAmbient = "1";
      meshCulling = "0";
      originSort = "0";
      useInstanceRenderData = "0";
      instanceColor = "White";
      instanceColor1 = "White";
      instanceColor2 = "White";
      collisionType = "Collision Mesh";
      decalType = "Collision Mesh";
      prebuildCollisionData = "0";
      renderNormals = "0";
      forceDetail = "-1";
      position = "-393.351898 425.110199 32.7150192";
      scale = "1 1 1";
      rotationMatrix = "0.866400123 -0.494558066 -0.0690155178 0.494642198 0.868929148 -0.0170662198 0.0684098303 -0.0193518121 0.997469604";
      isRenderEnabled = "false";
      canSave = "1";
      canSaveDynamicFields = "1";
      persistentId = "edf7510d-6cab-4ebf-8b27-b34bace74ecf";
   };
   new TSStatic() {
      shapeName = "/levels/hirochi_raceway/art/shapes/buildings/hr_plasticbarrier.DAE";
      dynamic = "0";
      playAmbient = "1";
      meshCulling = "0";
      originSort = "0";
      useInstanceRenderData = "0";
      instanceColor = "White";
      instanceColor1 = "White";
      instanceColor2 = "White";
      collisionType = "Collision Mesh";
      decalType = "Collision Mesh";
      prebuildCollisionData = "0";
      renderNormals = "0";
      forceDetail = "-1";
      position = "-390.860413 423.669739 32.4799271";
      scale = "1 1 1";
      rotationMatrix = "0.857865751 -0.506484985 -0.0868292153 0.506716728 0.861856997 -0.0209916793 0.0854663402 -0.0259897765 0.996002018";
      isRenderEnabled = "false";
      canSave = "1";
      canSaveDynamicFields = "1";
      persistentId = "8ae000dd-b5b4-48ac-8c5a-fe5125c9b750";
   };
   new TSStatic() {
      shapeName = "/levels/hirochi_raceway/art/shapes/buildings/hr_plasticbarrier.DAE";
      dynamic = "0";
      playAmbient = "1";
      meshCulling = "0";
      originSort = "0";
      useInstanceRenderData = "0";
      instanceColor = "White";
      instanceColor1 = "White";
      instanceColor2 = "White";
      collisionType = "Collision Mesh";
      decalType = "Collision Mesh";
      prebuildCollisionData = "0";
      renderNormals = "0";
      forceDetail = "-1";
      position = "-398.377563 427.912323 33.0756721";
      scale = "1 1 1";
      rotationMatrix = "0.85016489 -0.524654031 -0.0442470685 0.524396002 0.851280332 -0.018183792 0.0472068563 -0.0077437642 0.998855114";
      isRenderEnabled = "false";
      canSave = "1";
      canSaveDynamicFields = "1";
      persistentId = "c3333af7-7cb6-49bb-8b2d-cab158ec694a";
   };
   new TSStatic() {
      shapeName = "/levels/hirochi_raceway/art/shapes/buildings/hr_plasticbarrier.DAE";
      dynamic = "0";
      playAmbient = "1";
      meshCulling = "0";
      originSort = "0";
      useInstanceRenderData = "0";
      instanceColor = "White";
      instanceColor1 = "White";
      instanceColor2 = "White";
      collisionType = "Collision Mesh";
      decalType = "Collision Mesh";
      prebuildCollisionData = "0";
      renderNormals = "0";
      forceDetail = "-1";
      position = "-400.818237 429.387085 33.1958809";
      scale = "1 1 1";
      rotationMatrix = "0.863367319 -0.502989531 -0.0399799496 0.502638459 0.864285052 -0.0191287901 0.0441756546 -0.0035802878 0.999017358";
      isRenderEnabled = "false";
      canSave = "1";
      canSaveDynamicFields = "1";
      persistentId = "77c04d78-8017-4cae-a58d-82ec87204053";
   };
   new TSStatic() {
      shapeName = "/levels/hirochi_raceway/art/shapes/buildings/hr_plasticbarrier.DAE";
      dynamic = "0";
      playAmbient = "1";
      meshCulling = "0";
      originSort = "0";
      useInstanceRenderData = "0";
      instanceColor = "White";
      instanceColor1 = "White";
      instanceColor2 = "White";
      collisionType = "Collision Mesh";
      decalType = "Collision Mesh";
      prebuildCollisionData = "0";
      renderNormals = "0";
      forceDetail = "-1";
      position = "-363.662598 415.178802 29.9792843";
      scale = "1 1 1";
      rotationMatrix = "0.991750836 0.127644509 -0.0117092384 -0.126888767 0.990587831 0.0513318218 0.0181512535 -0.0494226068 0.998613";
      isRenderEnabled = "false";
      canSave = "1";
      canSaveDynamicFields = "1";
      persistentId = "f4e876d1-2257-4ae7-b0e0-c833b7fbf218";
   };
   new TSStatic() {
      shapeName = "/levels/hirochi_raceway/art/shapes/buildings/hr_plasticbarrier.DAE";
      dynamic = "0";
      playAmbient = "1";
      meshCulling = "0";
      originSort = "0";
      useInstanceRenderData = "0";
      instanceColor = "White";
      instanceColor1 = "White";
      instanceColor2 = "White";
      collisionType = "Collision Mesh";
      decalType = "Collision Mesh";
      prebuildCollisionData = "0";
      renderNormals = "0";
      forceDetail = "-1";
      position = "-360.814575 415.521454 29.9627304";
      scale = "1 1 1";
      rotationMatrix = "0.994490325 0.104822636 -0.00111031346 -0.104634516 0.993238211 0.0502937585 0.00637473026 -0.0499004759 0.998733878";
      isRenderEnabled = "false";
      canSave = "1";
      canSaveDynamicFields = "1";
      persistentId = "612fc932-7bba-4c18-8897-b4f0e56b04f7";
   };
   new TSStatic() {
      shapeName = "/levels/hirochi_raceway/art/shapes/buildings/hr_plasticbarrier.DAE";
      dynamic = "0";
      playAmbient = "1";
      meshCulling = "0";
      originSort = "0";
      useInstanceRenderData = "0";
      instanceColor = "White";
      instanceColor1 = "White";
      instanceColor2 = "White";
      collisionType = "Collision Mesh";
      decalType = "Collision Mesh";
      prebuildCollisionData = "0";
      renderNormals = "0";
      forceDetail = "-1";
      position = "-357.951111 415.809387 29.9706821";
      scale = "1 1 1";
