//--- OBJECT WRITE BEGIN ---
$ThisPrefab = new SimGroup() {
   canSave = "1";
   canSaveDynamicFields = "1";
      groupPosition = "0 0 0";

   new TSStatic() {
      shapeName = "/levels/hirochi_raceway/art/shapes/buildings/hr_plasticbarrier_red.DAE";
      dynamic = "0";
      playAmbient = "1";
      meshCulling = "0";
      originSort = "0";
      useInstanceRenderData = "0";
      instanceColor = "White";
      instanceColor1 = "White";
      instanceColor2 = "White";
      collisionType = "Collision Mesh";
      decalType = "Collision Mesh";
      prebuildCollisionData = "0";
      renderNormals = "0";
      forceDetail = "-1";
      position = "-385.519531 264.586243 25.0219612";
      scale = "1 1 1";
      rotationMatrix = "-0.342842579 0.939389825 -0.00238729292 -0.939392865 -0.34284085 0.00111184316 0.000225992582 0.0026237932 0.999996543";
      isRenderEnabled = "false";
      canSave = "1";
      canSaveDynamicFields = "1";
      persistentId = "07030dcd-c556-4ee2-9676-c93e1007e276";
   };
   new TSStatic() {
      shapeName = "/levels/hirochi_raceway/art/shapes/buildings/hr_plasticbarrier_red.DAE";
      dynamic = "0";
      playAmbient = "1";
      meshCulling = "0";
      originSort = "0";
      useInstanceRenderData = "0";
      instanceColor = "White";
      instanceColor1 = "White";
      instanceColor2 = "White";
      collisionType = "Collision Mesh";
      decalType = "Collision Mesh";
      prebuildCollisionData = "0";
      renderNormals = "0";
      forceDetail = "-1";
      position = "-387.671387 269.895233 25.014761";
      scale = "1 1 1";
      rotationMatrix = "-0.380845666 0.924637914 0.00115599274 -0.924637854 -0.380843431 -0.00176783605 -0.00119435601 -0.00174214726 0.999997795";
      isRenderEnabled = "false";
      canSave = "1";
      canSaveDynamicFields = "1";
      persistentId = "eed0a465-6d50-4649-8bcc-cd2f447ac7d2";
   };
   new TSStatic() {
      shapeName = "/levels/hirochi_raceway/art/shapes/buildings/hr_plasticbarrier_red.DAE";
      dynamic = "0";
      playAmbient = "1";
      meshCulling = "0";
      originSort = "0";
      useInstanceRenderData = "0";
      instanceColor = "White";
      instanceColor1 = "White";
      instanceColor2 = "White";
      collisionType = "Collision Mesh";
      decalType = "Collision Mesh";
      prebuildCollisionData = "0";
      renderNormals = "0";
      forceDetail = "-1";
      position = "-386.538055 267.286743 25.0142384";
      scale = "1 1 1";
      rotationMatrix = "-0.395755827 0.918347716 -0.0038411417 -0.918355763 -0.395753175 0.00145749492 -0.000181656869 0.00410434697 0.999991536";
      isRenderEnabled = "false";
      canSave = "1";
      canSaveDynamicFields = "1";
      persistentId = "0ac6c7f6-5487-4277-8a8a-f40efb5b5d01";
   };
   new TSStatic() {
      shapeName = "/levels/hirochi_raceway/art/shapes/buildings/hr_plasticbarrier_red.DAE";
      dynamic = "0";
      playAmbient = "1";
      meshCulling = "0";
      originSort = "0";
      useInstanceRenderData = "0";
      instanceColor = "White";
      instanceColor1 = "White";
      instanceColor2 = "White";
      collisionType = "Collision Mesh";
      decalType = "Collision Mesh";
      prebuildCollisionData = "0";
      renderNormals = "0";
      forceDetail = "-1";
      position = "-384.450745 261.842346 25.0230198";
      scale = "1 1 1";
      rotationMatrix = "-0.321538866 0.946896315 -0.0003059507 -0.946893632 -0.321537137 0.00251975306 0.00228757039 0.00109990139 0.999996781";
      isRenderEnabled = "false";
      canSave = "1";
      canSaveDynamicFields = "1";
      persistentId = "a187be67-2ac7-4baf-9b43-1976bb1dbab5";
   };
   new TSStatic() {
      shapeName = "/levels/hirochi_raceway/art/shapes/buildings/hr_plasticbarrier_red.DAE";
      dynamic = "0";
      playAmbient = "1";
      meshCulling = "0";
      originSort = "0";
      useInstanceRenderData = "0";
      instanceColor = "White";
      instanceColor1 = "White";
      instanceColor2 = "White";
      collisionType = "Collision Mesh";
      decalType = "Collision Mesh";
      prebuildCollisionData = "0";
      renderNormals = "0";
      forceDetail = "-1";
      position = "-380.509857 251.020615 25.0230217";
      scale = "1 1 1";
      rotationMatrix = "-0.346584022 0.938018322 0.00108724763 -0.938017547 -0.346585274 0.00130887527 0.00160457299 -0.000566222123 0.999998569";
      isRenderEnabled = "false";
      canSave = "1";
      canSaveDynamicFields = "1";
      persistentId = "0c255730-0ebc-4360-8810-f38588d8fcf6";
   };
   new TSStatic() {
      shapeName = "/levels/hirochi_raceway/art/shapes/buildings/hr_plasticbarrier_red.DAE";
      dynamic = "0";
      playAmbient = "1";
      meshCulling = "0";
      originSort = "0";
      useInstanceRenderData = "0";
      instanceColor = "White";
      instanceColor1 = "White";
      instanceColor2 = "White";
      collisionType = "Collision Mesh";
      decalType = "Collision Mesh";
      prebuildCollisionData = "0";
      renderNormals = "0";
      forceDetail = "-1";
      position = "-381.471344 253.731201 25.0282593";
      scale = "1 1 1";
      rotationMatrix = "-0.316773504 0.948499322 -0.00188533554 -0.94849962 -0.316768676 0.00247206027 0.00174753228 0.00257132319 0.999995172";
      isRenderEnabled = "false";
      canSave = "1";
      canSaveDynamicFields = "1";
      persistentId = "f7bf7d49-63b0-47e7-b0f6-ec18154dbae4";
   };
   new TSStatic() {
      shapeName = "/levels/hirochi_raceway/art/shapes/buildings/hr_plasticbarrier_red.DAE";
      dynamic = "0";
      playAmbient = "1";
      meshCulling = "0";
      originSort = "0";
      useInstanceRenderData = "0";
      instanceColor = "White";
      instanceColor1 = "White";
      instanceColor2 = "White";
      collisionType = "Collision Mesh";
      decalType = "Collision Mesh";
      prebuildCollisionData = "0";
      renderNormals = "0";
      forceDetail = "-1";
      position = "-383.473419 259.098572 25.0218601";
      scale = "1 1 1";
      rotationMatrix = "-0.354695767 0.934978366 0.00252341107 -0.934969723 -0.354703635 0.0041238484 0.00475077191 -0.000896601414 0.999988317";
      isRenderEnabled = "false";
      canSave = "1";
      canSaveDynamicFields = "1";
      persistentId = "719da4d6-c71b-4bdd-8070-61194ad39917";
   };
   new TSStatic() {
      shapeName = "/levels/hirochi_raceway/art/shapes/buildings/hr_plasticbarrier_red.DAE";
      dynamic = "0";
      playAmbient = "1";
      meshCulling = "0";
      originSort = "0";
      useInstanceRenderData = "0";
      instanceColor = "White";
      instanceColor1 = "White";
      instanceColor2 = "White";
      collisionType = "Collision Mesh";
      decalType = "Collision Mesh";
      prebuildCollisionData = "0";
      renderNormals = "0";
      forceDetail = "-1";
      position = "-382.413757 256.459229 25.0224113";
      scale = "1 1 1";
      rotationMatrix = "-0.370027393 0.929020226 -0.00104391132 -0.929011166 -0.370018184 0.00498588616 0.00424572313 0.00281471969 0.999987006";
      isRenderEnabled = "false";
      canSave = "1";
      canSaveDynamicFields = "1";
      persistentId = "a94c03d1-c707-40dd-8a4a-b153d2420fd6";
   };
   new TSStatic() {
      shapeName = "/levels/hirochi_raceway/art/shapes/buildings/hr_plasticbarrier_red.DAE";
      dynamic = "0";
      playAmbient = "1";
      meshCulling = "0";
      originSort = "0";
      useInstanceRenderData = "0";
      instanceColor = "White";
      instanceColor1 = "White";
      instanceColor2 = "White";
      collisionType = "Collision Mesh";
      decalType = "Collision Mesh";
      prebuildCollisionData = "0";
      renderNormals = "0";
      forceDetail = "-1";
      position = "-383.884491 202.251144 25.0022221";
      scale = "1 1 1";
      rotationMatrix = "-0.0652536303 0.997864962 -0.00272714742 -0.997851253 -0.0652360916 0.00608905824 0.00589814922 0.00311862072 0.999977767";
      isRenderEnabled = "false";
      canSave = "1";
      canSaveDynamicFields = "1";
      persistentId = "eec18273-f031-4e06-be32-d18fcf172585";
   };
   new TSStatic() {
      shapeName = "/levels/hirochi_raceway/art/shapes/buildings/hr_plasticbarrier_red.DAE";
      dynamic = "0";
      playAmbient = "1";
      meshCulling = "0";
      originSort = "0";
      useInstanceRenderData = "0";
      instanceColor = "White";
      instanceColor1 = "White";
      instanceColor2 = "White";
      collisionType = "Collision Mesh";
      decalType = "Collision Mesh";
      prebuildCollisionData = "0";
      renderNormals = "0";
      forceDetail = "-1";
      position = "-383.829254 199.365509 25.0126381";
      scale = "1 1 1";
      rotationMatrix = "-0.00849799998 0.999948263 -0.00559280207 -0.999962986 -0.00849028211 0.00140228122 0.00135472417 0.00560451159 0.99998337";
      isRenderEnabled = "false";
      canSave = "1";
      canSaveDynamicFields = "1";
      persistentId = "97b2935e-e92a-42f0-8aa3-88aa5c2f2437";
   };
   new TSStatic() {
      shapeName = "/levels/hirochi_raceway/art/shapes/buildings/hr_plasticbarrier_red.DAE";
      dynamic = "0";
      playAmbient = "1";
      meshCulling = "0";
      originSort = "0";
      useInstanceRenderData = "0";
      instanceColor = "White";
      instanceColor1 = "White";
      instanceColor2 = "White";
      collisionType = "Collision Mesh";
      decalType = "Collision Mesh";
      prebuildCollisionData = "0";
      renderNormals = "0";
      forceDetail = "-1";
      position = "-384.188629 205.18309 25.0201778";
      scale = "1 1 1";
      rotationMatrix = "-0.0867034048 0.996234 -0.000571144745 -0.996230185 -0.0867014304 0.00287137949 0.00281104678 0.000817950058 0.999995708";
      isRenderEnabled = "false";
      canSave = "1";
      canSaveDynamicFields = "1";
      persistentId = "1b47a4bd-1f98-45ae-9eb9-92f7143c600c";
   };
   new TSStatic() {
      shapeName = "/levels/hirochi_raceway/art/shapes/buildings/hr_plasticbarrier_red.DAE";
      dynamic = "0";
      playAmbient = "1";
      meshCulling = "0";
      originSort = "0";
      useInstanceRenderData = "0";
      instanceColor = "White";
      instanceColor1 = "White";
      instanceColor2 = "White";
      collisionType = "Collision Mesh";
      decalType = "Collision Mesh";
      prebuildCollisionData = "0";
      renderNormals = "0";
      forceDetail = "-1";
      position = "-384.885803 210.86908 25.0194683";
      scale = "1 1 1";
      rotationMatrix = "-0.127260372 0.991869092 0.00068060495 -0.991869271 -0.127260566 0.000245025411 0.000329647301 -0.000643889129 0.999999762";
      isRenderEnabled = "false";
      canSave = "1";
      canSaveDynamicFields = "1";
      persistentId = "ad683f08-3ab1-47c0-9ccf-fb93fae755cb";
   };
   new TSStatic() {
      shapeName = "/levels/hirochi_raceway/art/shapes/buildings/hr_plasticbarrier_red.DAE";
      dynamic = "0";
      playAmbient = "1";
      meshCulling = "0";
      originSort = "0";
      useInstanceRenderData = "0";
      instanceColor = "White";
      instanceColor1 = "White";
      instanceColor2 = "White";
      collisionType = "Collision Mesh";
      decalType = "Collision Mesh";
      prebuildCollisionData = "0";
      renderNormals = "0";
      forceDetail = "-1";
      position = "-384.46991 208.055511 25.0193539";
      scale = "1 1 1";
      rotationMatrix = "-0.143232539 0.989689052 -0.000191395171 -0.989682019 -0.143230781 0.00380799943 0.00374132162 0.000734849775 0.999992728";
      isRenderEnabled = "false";
      canSave = "1";
      canSaveDynamicFields = "1";
      persistentId = "5b49bf0f-ac9d-4e10-b074-c6f5292d2eb0";
   };
   new TSStatic() {
      shapeName = "/levels/hirochi_raceway/art/shapes/buildings/hr_plasticbarrier_red.DAE";
      dynamic = "0";
      playAmbient = "1";
      meshCulling = "0";
      originSort = "0";
      useInstanceRenderData = "0";
      instanceColor = "White";
      instanceColor1 = "White";
      instanceColor2 = "White";
      collisionType = "Collision Mesh";
      decalType = "Collision Mesh";
      prebuildCollisionData = "0";
      renderNormals = "0";
      forceDetail = "-1";
      position = "-386.042542 219.491852 25.0224113";
      scale = "1 1 1";
      rotationMatrix = "-0.182982564 0.983115613 -0.00104391202 -0.983104885 -0.182975277 0.00498589221 0.00471069803 0.00193860638 0.999987006";
      isRenderEnabled = "false";
      canSave = "1";
      canSaveDynamicFields = "1";
      persistentId = "c2508373-fe75-4aa0-9cd7-d4394b8539db";
   };
   new TSStatic() {
      shapeName = "/levels/hirochi_raceway/art/shapes/buildings/hr_plasticbarrier_red.DAE";
      dynamic = "0";
      playAmbient = "1";
      meshCulling = "0";
      originSort = "0";
      useInstanceRenderData = "0";
      instanceColor = "White";
      instanceColor1 = "White";
      instanceColor2 = "White";
      collisionType = "Collision Mesh";
      decalType = "Collision Mesh";
      prebuildCollisionData = "0";
      renderNormals = "0";
      forceDetail = "-1";
      position = "-386.570648 222.286545 25.0218601";
      scale = "1 1 1";
      rotationMatrix = "-0.166787207 0.98598969 0.00252341432 -0.985982716 -0.16679658 0.00412384467 0.00448696502 -0.0018002385 0.999988317";
      isRenderEnabled = "false";
      canSave = "1";
      canSaveDynamicFields = "1";
      persistentId = "d59af74d-ddbf-404f-82fb-20204f428740";
   };
   new TSStatic() {
      shapeName = "/levels/hirochi_raceway/art/shapes/buildings/hr_plasticbarrier_red.DAE";
      dynamic = "0";
      playAmbient = "1";
      meshCulling = "0";
      originSort = "0";
      useInstanceRenderData = "0";
      instanceColor = "White";
      instanceColor1 = "White";
      instanceColor2 = "White";
      collisionType = "Collision Mesh";
      decalType = "Collision Mesh";
      prebuildCollisionData = "0";
      renderNormals = "0";
      forceDetail = "-1";
      position = "-385.646637 216.632935 25.0282593";
      scale = "1 1 1";
      rotationMatrix = "-0.126963511 0.99190557 -0.00188533578 -0.991904914 -0.126958728 0.00247205887 0.00221268926 0.00218393514 0.999995172";
      isRenderEnabled = "false";
      canSave = "1";
      canSaveDynamicFields = "1";
      persistentId = "03d73f1e-539e-4121-876f-4036129cdee2";
   };
   new TSStatic() {
      shapeName = "/levels/hirochi_raceway/art/shapes/buildings/hr_plasticbarrier_red.DAE";
      dynamic = "0";
      playAmbient = "1";
      meshCulling = "0";
      originSort = "0";
      useInstanceRenderData = "0";
      instanceColor = "White";
      instanceColor1 = "White";
      instanceColor2 = "White";
      collisionType = "Collision Mesh";
      decalType = "Collision Mesh";
      prebuildCollisionData = "0";
      renderNormals = "0";
      forceDetail = "-1";
      position = "-385.228668 213.787399 25.0230217";
      scale = "1 1 1";
      rotationMatrix = "-0.158240139 0.987400055 0.00108724821 -0.987399578 -0.158241495 0.00130887504 0.00146443106 -0.000866431859 0.999998569";
      isRenderEnabled = "false";
      canSave = "1";
      canSaveDynamicFields = "1";
      persistentId = "69e45686-8ac9-41c4-8a3b-75271e6b2590";
   };
   new TSStatic() {
      shapeName = "/levels/hirochi_raceway/art/shapes/buildings/hr_plasticbarrier_red.DAE";
      dynamic = "0";
      playAmbient = "1";
      meshCulling = "0";
      originSort = "0";
      useInstanceRenderData = "0";
      instanceColor = "White";
      instanceColor1 = "White";
      instanceColor2 = "White";
      collisionType = "Collision Mesh";
      decalType = "Collision Mesh";
      prebuildCollisionData = "0";
      renderNormals = "0";
      forceDetail = "-1";
      position = "-386.997742 225.167664 25.0230198";
      scale = "1 1 1";
      rotationMatrix = "-0.131949306 0.991256416 -0.000305950642 -0.991253436 -0.131948128 0.00251975283 0.00245735166 0.000635754259 0.999996781";
      isRenderEnabled = "false";
      canSave = "1";
      canSaveDynamicFields = "1";
      persistentId = "51d79ec6-dc0a-49d5-9d1e-bfc1b06c5632";
   };
   new TSStatic() {
      shapeName = "/levels/hirochi_raceway/art/shapes/buildings/hr_plasticbarrier_red.DAE";
      dynamic = "0";
      playAmbient = "1";
      meshCulling = "0";
      originSort = "0";
      useInstanceRenderData = "0";
      instanceColor = "White";
      instanceColor1 = "White";
      instanceColor2 = "White";
      collisionType = "Collision Mesh";
      decalType = "Collision Mesh";
      prebuildCollisionData = "0";
      renderNormals = "0";
      forceDetail = "-1";
      position = "-391.676239 247.813995 25.006012";
      scale = "1 1 1";
      rotationMatrix = "-0.199018747 0.979993343 0.00215017796 -0.979988933 -0.19902505 0.00327922776 0.00364156067 -0.00145452272 0.999992311";
      isRenderEnabled = "false";
      canSave = "1";
      canSaveDynamicFields = "1";
      persistentId = "d81aea2f-8e6f-499b-b532-60b501f974dd";
   };
   new TSStatic() {
      shapeName = "/levels/hirochi_raceway/art/shapes/buildings/hr_plasticbarrier_red.DAE";
      dynamic = "0";
      playAmbient = "1";
      meshCulling = "0";
      originSort = "0";
      useInstanceRenderData = "0";
      instanceColor = "White";
      instanceColor1 = "White";
      instanceColor2 = "White";
      collisionType = "Collision Mesh";
      decalType = "Collision Mesh";
      prebuildCollisionData = "0";
      renderNormals = "0";
      forceDetail = "-1";
      position = "-389.137299 236.580383 24.9940948";
      scale = "1 1 1";
      rotationMatrix = "-0.225027978 0.974350035 -0.00210197642 -0.974349856 -0.225022033 0.0027374553 0.00219424884 0.00266406452 0.99999404";
      isRenderEnabled = "false";
      canSave = "1";
      canSaveDynamicFields = "1";
      persistentId = "e51b89a2-969d-4dd3-9280-41acedecfc53";
   };
   new TSStatic() {
      shapeName = "/levels/hirochi_raceway/art/shapes/buildings/hr_plasticbarrier_red.DAE";
      dynamic = "0";
      playAmbient = "1";
      meshCulling = "0";
      originSort = "0";
      useInstanceRenderData = "0";
      instanceColor = "White";
      instanceColor1 = "White";
      instanceColor2 = "White";
      collisionType = "Collision Mesh";
      decalType = "Collision Mesh";
      prebuildCollisionData = "0";
      renderNormals = "0";
      forceDetail = "-1";
      position = "-389.747803 239.39093 24.9906292";
      scale = "1 1 1";
      rotationMatrix = "-0.193950132 0.981009007 0.00216196105 -0.980979919 -0.193961099 0.00758237764 0.00785771664 -0.00065023714 0.999968946";
      isRenderEnabled = "false";
      canSave = "1";
      canSaveDynamicFields = "1";
      persistentId = "3969f0f0-1621-450e-a9d9-f9ce7e7495bc";
   };
   new TSStatic() {
      shapeName = "/levels/hirochi_raceway/art/shapes/buildings/hr_plasticbarrier_red.DAE";
      dynamic = "0";
      playAmbient = "1";
      meshCulling = "0";
      originSort = "0";
      useInstanceRenderData = "0";
      instanceColor = "White";
      instanceColor1 = "White";
      instanceColor2 = "White";
      collisionType = "Collision Mesh";
      decalType = "Collision Mesh";
      prebuildCollisionData = "0";
      renderNormals = "0";
      forceDetail = "-1";
      position = "-391.054199 244.968597 25.0029011";
      scale = "1 1 1";
      rotationMatrix = "-0.233611465 0.972329915 -0.000444471807 -0.972329974 -0.233611315 0.000369267538 0.000255216233 0.000518438406 0.999999821";
      isRenderEnabled = "false";
      canSave = "1";
      canSaveDynamicFields = "1";
      persistentId = "d280880a-5e8a-45f2-b664-6b0e20f70265";
   };
   new TSStatic() {
      shapeName = "/levels/hirochi_raceway/art/shapes/buildings/hr_plasticbarrier_red.DAE";
      dynamic = "0";
      playAmbient = "1";
      meshCulling = "0";
      originSort = "0";
      useInstanceRenderData = "0";
      instanceColor = "White";
      instanceColor1 = "White";
      instanceColor2 = "White";
      collisionType = "Collision Mesh";
      decalType = "Collision Mesh";
      prebuildCollisionData = "0";
      renderNormals = "0";
      forceDetail = "-1";
      position = "-390.33725 242.216293 25.0001907";
      scale = "1 1 1";
      rotationMatrix = "-0.24946925 0.968381464 0.00156644348 -0.968378544 -0.249472588 0.00252345274 0.00283444952 -0.000887386443 0.999995589";
      isRenderEnabled = "false";
      canSave = "1";
      canSaveDynamicFields = "1";
      persistentId = "95191d2b-766b-4be4-9ae8-18f1d28d7e66";
   };
   new TSStatic() {
      shapeName = "/levels/hirochi_raceway/art/shapes/buildings/hr_plasticbarrier_red.DAE";
      dynamic = "0";
      playAmbient = "1";
      meshCulling = "0";
      originSort = "0";
      useInstanceRenderData = "0";
      instanceColor = "White";
      instanceColor1 = "White";
      instanceColor2 = "White";
      collisionType = "Collision Mesh";
      decalType = "Collision Mesh";
      prebuildCollisionData = "0";
      renderNormals = "0";
      forceDetail = "-1";
      position = "-387.990479 230.913361 25.0142384";
      scale = "1 1 1";
      rotationMatrix = "-0.210291684 0.977631152 -0.00384114357 -0.977638483 -0.210287526 0.00145749724 0.000617150101 0.00406174967 0.999991536";
      isRenderEnabled = "false";
      canSave = "1";
      canSaveDynamicFields = "1";
      persistentId = "7a93d7c2-14bb-450a-b37b-12e4344bd4bc";
   };
   new TSStatic() {
      shapeName = "/levels/hirochi_raceway/art/shapes/buildings/hr_plasticbarrier_red.DAE";
      dynamic = "0";
      playAmbient = "1";
      meshCulling = "0";
      originSort = "0";
      useInstanceRenderData = "0";
      instanceColor = "White";
      instanceColor1 = "White";
      instanceColor2 = "White";
      collisionType = "Collision Mesh";
      decalType = "Collision Mesh";
      prebuildCollisionData = "0";
      renderNormals = "0";
      forceDetail = "-1";
      position = "-388.596802 233.692139 25.014761";
      scale = "1 1 1";
      rotationMatrix = "-0.194444999 0.980912745 0.00115599285 -0.980912268 -0.194442824 -0.00176783488 -0.0015093172 -0.00147767423 0.999997795";
      isRenderEnabled = "false";
      canSave = "1";
      canSaveDynamicFields = "1";
      persistentId = "3bfec592-2143-4620-a357-1160a70efb89";
   };
   new TSStatic() {
      shapeName = "/levels/hirochi_raceway/art/shapes/buildings/hr_plasticbarrier_red.DAE";
      dynamic = "0";
      playAmbient = "1";
      meshCulling = "0";
      originSort = "0";
      useInstanceRenderData = "0";
      instanceColor = "White";
      instanceColor1 = "White";
      instanceColor2 = "White";
      collisionType = "Collision Mesh";
      decalType = "Collision Mesh";
      prebuildCollisionData = "0";
      renderNormals = "0";
      forceDetail = "-1";
      position = "-387.514526 228.066727 25.0219612";
      scale = "1 1 1";
      rotationMatrix = "-0.154303938 0.988020539 -0.00238729431 -0.988023162 -0.154301658 0.00111184258 0.000730159809 0.00253026374 0.999996543";
      isRenderEnabled = "false";
      canSave = "1";
      canSaveDynamicFields = "1";
      persistentId = "d470c6c2-0afd-4c54-9385-7fb30708a4c6";
   };
   new TSStatic() {
      shapeName = "/levels/hirochi_raceway/art/shapes/buildings/hr_plasticbarrier_red.DAE";
      dynamic = "0";
      playAmbient = "1";
      meshCulling = "0";
      originSort = "0";
      useInstanceRenderData = "0";
      instanceColor = "White";
      instanceColor1 = "White";
      instanceColor2 = "White";
      collisionType = "Collision Mesh";
      decalType = "Collision Mesh";
      prebuildCollisionData = "0";
      renderNormals = "0";
      forceDetail = "-1";
      position = "-415.285553 457.966888 33.6730728";
      scale = "1 1 1";
      rotationMatrix = "0.962126195 -0.270345926 0.0350182317 0.266800046 0.960205853 0.0825979784 -0.0559547357 -0.0701268092 0.995967507";
      isRenderEnabled = "false";
      canSave = "1";
      canSaveDynamicFields = "1";
      persistentId = "ed0f4cc1-d508-4e30-ba42-ccc446e7e5be";
   };
   new TSStatic() {
      shapeName = "/levels/hirochi_raceway/art/shapes/buildings/hr_plasticbarrier_red.DAE";
      dynamic = "0";
      playAmbient = "1";
      meshCulling = "0";
      originSort = "0";
      useInstanceRenderData = "0";
      instanceColor = "White";
      instanceColor1 = "White";
      instanceColor2 = "White";
      collisionType = "Collision Mesh";
      decalType = "Collision Mesh";
      prebuildCollisionData = "0";
      renderNormals = "0";
      forceDetail = "-1";
      position = "-412.525452 457.158173 33.7482567";
      scale = "1 1 1";
      rotationMatrix = "0.953813553 -0.299959064 0.0162566379 0.298195004 0.951971054 0.0695042238 -0.0363242701 -0.0614464208 0.99744916";
      isRenderEnabled = "false";
      canSave = "1";
      canSaveDynamicFields = "1";
      persistentId = "0485e491-9da8-4063-b34f-90a8c64cb9c5";
   };
   new TSStatic() {
      shapeName = "/levels/hirochi_raceway/art/shapes/buildings/hr_plasticbarrier_red.DAE";
      dynamic = "0";
      playAmbient = "1";
      meshCulling = "0";
      originSort = "0";
      useInstanceRenderData = "0";
      instanceColor = "White";
      instanceColor1 = "White";
      instanceColor2 = "White";
      collisionType = "Collision Mesh";
      decalType = "Collision Mesh";
      prebuildCollisionData = "0";
      renderNormals = "0";
      forceDetail = "-1";
      position = "-407.002747 455.636261 33.6906891";
      scale = "1 1 1";
      rotationMatrix = "0.965238631 -0.259751678 -0.0290431939 0.260529071 0.965081692 0.0272394046 0.0209535733 -0.0338591225 0.99920696";
      isRenderEnabled = "false";
      canSave = "1";
      canSaveDynamicFields = "1";
      persistentId = "f85662da-a00d-4382-afb8-11abffbdf00a";
   };
   new TSStatic() {
      shapeName = "/levels/hirochi_raceway/art/shapes/buildings/hr_plasticbarrier_red.DAE";
      dynamic = "0";
      playAmbient = "1";
      meshCulling = "0";
      originSort = "0";
      useInstanceRenderData = "0";
      instanceColor = "White";
      instanceColor1 = "White";
      instanceColor2 = "White";
      collisionType = "Collision Mesh";
      decalType = "Collision Mesh";
      prebuildCollisionData = "0";
      renderNormals = "0";
      forceDetail = "-1";
      position = "-409.762543 456.32373 33.7509232";
      scale = "1 1 1";
      rotationMatrix = "0.969624043 -0.244510219 -0.0066284393 0.244570315 0.968727648 0.0418577641 -0.00381349865 -0.0422074161 0.999101579";
      isRenderEnabled = "false";
      canSave = "1";
      canSaveDynamicFields = "1";
      persistentId = "62bb9fb2-6638-415e-9635-1555ea654595";
   };
   new TSStatic() {
      shapeName = "/levels/hirochi_raceway/art/shapes/buildings/hr_plasticbarrier_red.DAE";
      dynamic = "0";
      playAmbient = "1";
      meshCulling = "0";
      originSort = "0";
      useInstanceRenderData = "0";
      instanceColor = "White";
      instanceColor1 = "White";
      instanceColor2 = "White";
      collisionType = "Collision Mesh";
      decalType = "Collision Mesh";
      prebuildCollisionData = "0";
      renderNormals = "0";
      forceDetail = "-1";
      position = "-398.589661 453.420319 33.2713737";
      scale = "1 1 1";
      rotationMatrix = "0.977029204 -0.204495043 -0.0599645488 0.20564656 0.978531301 0.0136397211 0.0558879301 -0.025657909 0.998107314";
      isRenderEnabled = "false";
      canSave = "1";
      canSaveDynamicFields = "1";
      persistentId = "69ff58c7-d5a3-4c9f-95a3-246a08cc7628";
   };
   new TSStatic() {
      shapeName = "/levels/hirochi_raceway/art/shapes/buildings/hr_plasticbarrier_red.DAE";
      dynamic = "0";
      playAmbient = "1";
      meshCulling = "0";
      originSort = "0";
      useInstanceRenderData = "0";
      instanceColor = "White";
      instanceColor1 = "White";
      instanceColor2 = "White";
      collisionType = "Collision Mesh";
      decalType = "Collision Mesh";
      prebuildCollisionData = "0";
      renderNormals = "0";
      forceDetail = "-1";
      position = "-395.804565 452.84375 33.079586";
      scale = "1 1 1";
      rotationMatrix = "0.972806275 -0.220314726 -0.071479775 0.221716911 0.975034535 0.0122151766 0.0670040697 -0.027731277 0.997367263";
      isRenderEnabled = "false";
      canSave = "1";
      canSaveDynamicFields = "1";
      persistentId = "e35255c5-532a-4d22-a137-fabcc3903e45";
   };
   new TSStatic() {
      shapeName = "/levels/hirochi_raceway/art/shapes/buildings/hr_plasticbarrier_red.DAE";
      dynamic = "0";
      playAmbient = "1";
      meshCulling = "0";
      originSort = "0";
      useInstanceRenderData = "0";
      instanceColor = "White";
      instanceColor1 = "White";
      instanceColor2 = "White";
      collisionType = "Collision Mesh";
      decalType = "Collision Mesh";
      prebuildCollisionData = "0";
      renderNormals = "0";
      forceDetail = "-1";
      position = "-401.383759 454.143555 33.4430046";
      scale = "1 1 1";
      rotationMatrix = "0.963993669 -0.259729147 -0.0570699796 0.260807186 0.965313792 0.0122014266 0.0519213714 -0.0266463589 0.998295605";
      isRenderEnabled = "false";
      canSave = "1";
      canSaveDynamicFields = "1";
      persistentId = "f9e39d44-d2cb-43d9-b8b5-a1f3f876322d";
   };
   new TSStatic() {
      shapeName = "/levels/hirochi_raceway/art/shapes/buildings/hr_plasticbarrier_red.DAE";
      dynamic = "0";
      playAmbient = "1";
      meshCulling = "0";
      originSort = "0";
      useInstanceRenderData = "0";
      instanceColor = "White";
      instanceColor1 = "White";
      instanceColor2 = "White";
      collisionType = "Collision Mesh";
      decalType = "Collision Mesh";
      prebuildCollisionData = "0";
      renderNormals = "0";
      forceDetail = "-1";
      position = "-404.17395 454.841248 33.5907974";
      scale = "1 1 1";
      rotationMatrix = "0.972261369 -0.22915262 -0.0468706898 0.23028551 0.972910821 0.0203249939 0.0409434736 -0.0305548478 0.998694181";
      isRenderEnabled = "false";
      canSave = "1";
      canSaveDynamicFields = "1";
      persistentId = "143a427c-9ad7-4efd-b8fd-ef1d94d0a45b";
   };
   new TSStatic() {
      shapeName = "/levels/hirochi_raceway/art/shapes/buildings/hr_plasticbarrier_red.DAE";
      dynamic = "0";
      playAmbient = "1";
      meshCulling = "0";
      originSort = "0";
      useInstanceRenderData = "0";
      instanceColor = "White";
      instanceColor1 = "White";
      instanceColor2 = "White";
      collisionType = "Collision Mesh";
      decalType = "Collision Mesh";
      prebuildCollisionData = "0";
      renderNormals = "0";
      forceDetail = "-1";
      position = "-392.978058 452.1409 32.8399506";
      scale = "1 1 1";
      rotationMatrix = "0.963708878 -0.254601419 -0.0802700445 0.255752206 0.966733158 0.00422397628 0.07652428 -0.0245999228 0.996764183";
      isRenderEnabled = "false";
      canSave = "1";
      canSaveDynamicFields = "1";
      persistentId = "2c0d38d8-0407-400f-add3-91e5970b8d10";
   };
   new TSStatic() {
      shapeName = "/levels/hirochi_raceway/art/shapes/buildings/hr_plasticbarrier_red.DAE";
      dynamic = "0";
      playAmbient = "1";
      meshCulling = "0";
      originSort = "0";
      useInstanceRenderData = "0";
      instanceColor = "White";
      instanceColor1 = "White";
      instanceColor2 = "White";
      collisionType = "Collision Mesh";
      decalType = "Collision Mesh";
      prebuildCollisionData = "0";
      renderNormals = "0";
      forceDetail = "-1";
      position = "-390.207306 451.369446 32.6064072";
      scale = "1 1 1";
      rotationMatrix = "0.955011427 -0.285118431 -0.0816125125 0.285641074 0.958321214 -0.00544683728 0.0797639936 -0.0181100927 0.996649265";
      isRenderEnabled = "false";
      canSave = "1";
      canSaveDynamicFields = "1";
      persistentId = "684171e3-537d-4dd6-8d32-21990bce0600";
   };
   new TSStatic() {
      shapeName = "/levels/hirochi_raceway/art/shapes/buildings/hr_plasticbarrier_red.DAE";
      dynamic = "0";
      playAmbient = "1";
      meshCulling = "0";
      originSort = "0";
      useInstanceRenderData = "0";
      instanceColor = "White";
      instanceColor1 = "White";
      instanceColor2 = "White";
      collisionType = "Collision Mesh";
      decalType = "Collision Mesh";
      prebuildCollisionData = "0";
      renderNormals = "0";
      forceDetail = "-1";
      position = "-384.664581 449.922058 32.1613617";
      scale = "1 1 1";
      rotationMatrix = "0.966524482 -0.246139377 -0.0724281222 0.245789647 0.969224334 -0.0138421599 0.0736062005 -0.00442329515 0.997277558";
      isRenderEnabled = "false";
      canSave = "1";
      canSaveDynamicFields = "1";
      persistentId = "da2a29a5-a8b3-4435-9f36-5ba7ba3c6e0f";
   };
   new TSStatic() {
      shapeName = "/levels/hirochi_raceway/art/shapes/buildings/hr_plasticbarrier_red.DAE";
      dynamic = "0";
      playAmbient = "1";
      meshCulling = "0";
      originSort = "0";
      useInstanceRenderData = "0";
      instanceColor = "White";
      instanceColor1 = "White";
      instanceColor2 = "White";
      collisionType = "Collision Mesh";
      decalType = "Collision Mesh";
      prebuildCollisionData = "0";
      renderNormals = "0";
      forceDetail = "-1";
      position = "-387.43338 450.572296 32.3731842";
      scale = "1 1 1";
      rotationMatrix = "0.969909847 -0.230234161 -0.0791653544 0.230667427 0.973025441 -0.00375257013 0.0778938755 -0.014621214 0.996854424";
      isRenderEnabled = "false";
      canSave = "1";
      canSaveDynamicFields = "1";
      persistentId = "8637811f-5211-4eb7-8e8a-1e8acd14f2e8";
   };
   new TSStatic() {
      shapeName = "/levels/hirochi_raceway/art/shapes/buildings/hr_plasticbarrier_red.DAE";
      dynamic = "0";
      playAmbient = "1";
      meshCulling = "0";
      originSort = "0";
      useInstanceRenderData = "0";
      instanceColor = "White";
      instanceColor1 = "White";
      instanceColor2 = "White";
      collisionType = "Collision Mesh";
      decalType = "Collision Mesh";
      prebuildCollisionData = "0";
      renderNormals = "0";
      forceDetail = "-1";
      position = "-404.67038 431.430725 33.3439941";
      scale = "1 1 1";
      rotationMatrix = "0.897403777 -0.440346897 -0.0275869649 0.44007346 0.897825718 -0.0156296771 0.0316507667 0.00188584067 0.999497235";
      isRenderEnabled = "false";
      canSave = "1";
      canSaveDynamicFields = "1";
      persistentId = "a0f54a43-5db0-43b1-b6a9-7636583650e1";
   };
   new TSStatic() {
      shapeName = "/levels/hirochi_raceway/art/shapes/buildings/hr_plasticbarrier_red.DAE";
      dynamic = "0";
      playAmbient = "1";
      meshCulling = "0";
      originSort = "0";
      useInstanceRenderData = "0";
      instanceColor = "White";
      instanceColor1 = "White";
      instanceColor2 = "White";
      collisionType = "Collision Mesh";
      decalType = "Collision Mesh";
      prebuildCollisionData = "0";
      renderNormals = "0";
      forceDetail = "-1";
      position = "-397.116577 427.166046 33.0042534";
      scale = "1 1 1";
      rotationMatrix = "0.879244208 -0.472963512 -0.0568777658 0.472971618 0.880963683 -0.0141725931 0.0568103641 -0.0144403987 0.998280525";
      isRenderEnabled = "false";
      canSave = "1";
      canSaveDynamicFields = "1";
      persistentId = "321d6017-3843-4f9f-bded-af3a68fc4589";
   };
   new TSStatic() {
      shapeName = "/levels/hirochi_raceway/art/shapes/buildings/hr_plasticbarrier_red.DAE";
      dynamic = "0";
      playAmbient = "1";
      meshCulling = "0";
      originSort = "0";
      useInstanceRenderData = "0";
      instanceColor = "White";
      instanceColor1 = "White";
      instanceColor2 = "White";
      collisionType = "Collision Mesh";
      decalType = "Collision Mesh";
      prebuildCollisionData = "0";
      renderNormals = "0";
      forceDetail = "-1";
      position = "-394.608917 425.824188 32.8134499";
      scale = "1 1 1";
      rotationMatrix = "0.870988429 -0.487077326 -0.0643031076 0.487056047 0.873203874 -0.017069485 0.0644638836 -0.0164518952 0.997784436";
      isRenderEnabled = "false";
      canSave = "1";
      canSaveDynamicFields = "1";
      persistentId = "23408fe4-2a61-407b-9e59-4166b8bbb721";
   };
   new TSStatic() {
      shapeName = "/levels/hirochi_raceway/art/shapes/buildings/hr_plasticbarrier_red.DAE";
      dynamic = "0";
      playAmbient = "1";
      meshCulling = "0";
      originSort = "0";
      useInstanceRenderData = "0";
      instanceColor = "White";
      instanceColor1 = "White";
      instanceColor2 = "White";
      collisionType = "Collision Mesh";
      decalType = "Collision Mesh";
      prebuildCollisionData = "0";
      renderNormals = "0";
      forceDetail = "-1";
      position = "-392.107361 424.400909 32.6042328";
      scale = "1 1 1";
      rotationMatrix = "0.862340927 -0.498824865 -0.0868441239 0.499251395 0.866263926 -0.0182984471 0.0843576491 -0.0275775474 0.996053874";
      isRenderEnabled = "false";
      canSave = "1";
      canSaveDynamicFields = "1";
      persistentId = "5ee5a1eb-e580-4b4a-b4ca-1cf45884f152";
   };
   new TSStatic() {
      shapeName = "/levels/hirochi_raceway/art/shapes/buildings/hr_plasticbarrier_red.DAE";
      dynamic = "0";
      playAmbient = "1";
      meshCulling = "0";
      originSort = "0";
      useInstanceRenderData = "0";
      instanceColor = "White";
      instanceColor1 = "White";
      instanceColor2 = "White";
      collisionType = "Collision Mesh";
      decalType = "Collision Mesh";
      prebuildCollisionData = "0";
      renderNormals = "0";
      forceDetail = "-1";
      position = "-399.59137 428.651123 33.13731";
      scale = "1 1 1";
      rotationMatrix = "0.851562619 -0.522499561 -0.0428413153 0.522271216 0.852604926 -0.0172507111 0.0455402061 -0.00768472767 0.998932958";
      isRenderEnabled = "false";
      canSave = "1";
      canSaveDynamicFields = "1";
      persistentId = "729cb2d3-79b9-4546-b129-398a7503674f";
   };
   new TSStatic() {
      shapeName = "/levels/hirochi_raceway/art/shapes/buildings/hr_plasticbarrier_red.DAE";
      dynamic = "0";
      playAmbient = "1";
      meshCulling = "0";
      originSort = "0";
      useInstanceRenderData = "0";
      instanceColor = "White";
      instanceColor1 = "White";
      instanceColor2 = "White";
      collisionType = "Collision Mesh";
      decalType = "Collision Mesh";
      prebuildCollisionData = "0";
      renderNormals = "0";
      forceDetail = "-1";
      position = "-402.069702 430.110596 33.2355576";
      scale = "1 1 1";
      rotationMatrix = "0.867742002 -0.495304435 -0.0411988087 0.494982839 0.868708134 -0.0183884073 0.044897601 -0.00443630992 0.998981714";
      isRenderEnabled = "false";
      canSave = "1";
      canSaveDynamicFields = "1";
      persistentId = "1d2f0a73-bee2-4ccf-9185-91aab4595b88";
   };
   new TSStatic() {
      shapeName = "/levels/hirochi_raceway/art/shapes/buildings/hr_plasticbarrier_red.DAE";
      dynamic = "0";
      playAmbient = "1";
      meshCulling = "0";
      originSort = "0";
      useInstanceRenderData = "0";
      instanceColor = "White";
      instanceColor1 = "White";
      instanceColor2 = "White";
      collisionType = "Collision Mesh";
      decalType = "Collision Mesh";
      prebuildCollisionData = "0";
      renderNormals = "0";
      forceDetail = "-1";
      position = "-365.07077 414.988373 30.0004768";
      scale = "1 1 1";
      rotationMatrix = "0.991256237 0.13026683 -0.0210159272 -0.129101992 0.990391135 0.0495794415 0.0272725448 -0.0464327298 0.998549044";
      isRenderEnabled = "false";
      canSave = "1";
      canSaveDynamicFields = "1";
      persistentId = "5f97bb54-9128-41c8-901b-64549aa849dc";
   };
   new TSStatic() {
      shapeName = "/levels/hirochi_raceway/art/shapes/buildings/hr_plasticbarrier_red.DAE";
      dynamic = "0";
      playAmbient = "1";
      meshCulling = "0";
      originSort = "0";
      useInstanceRenderData = "0";
      instanceColor = "White";
      instanceColor1 = "White";
      instanceColor2 = "White";
      collisionType = "Collision Mesh";
