//--- OBJECT WRITE BEGIN ---
$ThisPrefab = new SimGroup() {
   canSave = "1";
   canSaveDynamicFields = "1";
      groupPosition = "0 0 0";

   new TSStatic() {
      shapeName = "/levels/hirochi_raceway/art/shapes/buildings/hr_plasticbarrier_red.DAE";
      dynamic = "0";
      playAmbient = "1";
      meshCulling = "0";
      originSort = "0";
      useInstanceRenderData = "0";
      instanceColor = "White";
      instanceColor1 = "White";
      instanceColor2 = "White";
      collisionType = "Collision Mesh";
      decalType = "Collision Mesh";
      prebuildCollisionData = "0";
      renderNormals = "0";
      forceDetail = "-1";
      position = "-364.267578 155.879898 25.2169628";
      scale = "1 1 1";
      rotationMatrix = "0.00584109034 -0.997849941 0.0652791709 0.996875584 0.000668198394 -0.0789850503 0.0787716061 0.0655365735 0.994736135";
      isRenderEnabled = "false";
      canSave = "1";
      canSaveDynamicFields = "1";
      persistentId = "dd35203e-3684-40e6-bd87-82c6ed360fda";
   };
   new TSStatic() {
      shapeName = "/levels/hirochi_raceway/art/shapes/buildings/hr_plasticbarrier_red.DAE";
      dynamic = "0";
      playAmbient = "1";
      meshCulling = "0";
      originSort = "0";
      useInstanceRenderData = "0";
      instanceColor = "White";
      instanceColor1 = "White";
      instanceColor2 = "White";
      collisionType = "Collision Mesh";
      decalType = "Collision Mesh";
      prebuildCollisionData = "0";
      renderNormals = "0";
      forceDetail = "-1";
      position = "-364.276642 158.766403 25.0860748";
      scale = "1 1 1";
      rotationMatrix = "0.0134235825 -0.999474287 0.0295129772 0.998809218 0.0120184533 -0.0472830497 0.046903491 0.0301125422 0.998445451";
      isRenderEnabled = "false";
      canSave = "1";
      canSaveDynamicFields = "1";
      persistentId = "706a6bd5-9786-4dcb-b374-be1f889dfebc";
   };
   new TSStatic() {
      shapeName = "/levels/hirochi_raceway/art/shapes/buildings/hr_plasticbarrier_red.DAE";
      dynamic = "0";
      playAmbient = "1";
      meshCulling = "0";
      originSort = "0";
      useInstanceRenderData = "0";
      instanceColor = "White";
      instanceColor1 = "White";
      instanceColor2 = "White";
      collisionType = "Collision Mesh";
      decalType = "Collision Mesh";
      prebuildCollisionData = "0";
      renderNormals = "0";
      forceDetail = "-1";
      position = "-364.362488 164.513901 25.0473042";
      scale = "1 1 1";
      rotationMatrix = "0.0252398346 -0.999681056 -0.000835875806 0.999677837 0.0252419729 -0.00265509821 0.00267535052 -0.00076859229 0.999996126";
      isRenderEnabled = "false";
      canSave = "1";
      canSaveDynamicFields = "1";
      persistentId = "117c5d50-da6d-4904-8191-9e5ca88b5a43";
   };
   new TSStatic() {
      shapeName = "/levels/hirochi_raceway/art/shapes/buildings/hr_plasticbarrier_red.DAE";
      dynamic = "0";
      playAmbient = "1";
      meshCulling = "0";
      originSort = "0";
      useInstanceRenderData = "0";
      instanceColor = "White";
      instanceColor1 = "White";
      instanceColor2 = "White";
      collisionType = "Collision Mesh";
      decalType = "Collision Mesh";
      prebuildCollisionData = "0";
      renderNormals = "0";
      forceDetail = "-1";
      position = "-364.317322 161.627762 25.0486603";
      scale = "1 1 1";
      rotationMatrix = "0.0157886185 -0.999870837 0.00301422295 0.999834001 0.0157604851 -0.0091394037 0.00909071695 0.00315802125 0.999953687";
      isRenderEnabled = "false";
      canSave = "1";
      canSaveDynamicFields = "1";
      persistentId = "2173b26f-9b18-40fc-b566-e99c214a7814";
   };
   new TSStatic() {
      shapeName = "/levels/hirochi_raceway/art/shapes/buildings/hr_plasticbarrier_red.DAE";
      dynamic = "0";
      playAmbient = "1";
      meshCulling = "0";
      originSort = "0";
      useInstanceRenderData = "0";
      instanceColor = "White";
      instanceColor1 = "White";
      instanceColor2 = "White";
      collisionType = "Collision Mesh";
      decalType = "Collision Mesh";
      prebuildCollisionData = "0";
      renderNormals = "0";
      forceDetail = "-1";
      position = "-364.425598 167.379623 25.0437088";
      scale = "1 1 1";
      rotationMatrix = "0.0291674323 -0.999571383 0.00250080926 0.9995718 0.0291614328 -0.00240340549 0.00232944824 0.00256983959 0.99999398";
      isRenderEnabled = "false";
      canSave = "1";
      canSaveDynamicFields = "1";
      persistentId = "49676b6f-da8f-4646-9fea-10db589be392";
   };
   new TSStatic() {
      shapeName = "/levels/hirochi_raceway/art/shapes/buildings/hr_plasticbarrier_red.DAE";
      dynamic = "0";
      playAmbient = "1";
      meshCulling = "0";
      originSort = "0";
      useInstanceRenderData = "0";
      instanceColor = "White";
      instanceColor1 = "White";
      instanceColor2 = "White";
      collisionType = "Collision Mesh";
      decalType = "Collision Mesh";
      prebuildCollisionData = "0";
      renderNormals = "0";
      forceDetail = "-1";
      position = "-364.50943 170.264893 25.0408764";
      scale = "1 1 1";
      rotationMatrix = "0.0386243798 -0.999253035 -0.00124157453 0.999243319 0.0386296362 -0.00453417934 0.00457875431 -0.0010655052 0.999988973";
      isRenderEnabled = "false";
      canSave = "1";
      canSaveDynamicFields = "1";
      persistentId = "c0865a8c-098c-44d3-8b12-1cddab9ac1a0";
   };
   new TSStatic() {
      shapeName = "/levels/hirochi_raceway/art/shapes/buildings/hr_plasticbarrier_red.DAE";
      dynamic = "0";
      playAmbient = "1";
      meshCulling = "0";
      originSort = "0";
      useInstanceRenderData = "0";
      instanceColor = "White";
      instanceColor1 = "White";
      instanceColor2 = "White";
      collisionType = "Collision Mesh";
      decalType = "Collision Mesh";
      prebuildCollisionData = "0";
      renderNormals = "0";
      forceDetail = "-1";
      position = "-364.824829 176.001358 25.054636";
      scale = "1 1 1";
      rotationMatrix = "0.0746655092 -0.99720782 0.00128238578 0.99720192 0.0746602342 -0.00376228243 0.00365603413 0.00155971025 0.999992073";
      isRenderEnabled = "false";
      canSave = "1";
      canSaveDynamicFields = "1";
      persistentId = "4cd7289c-e31b-46ac-9fe4-71bbb1fffffc";
   };
   new TSStatic() {
      shapeName = "/levels/hirochi_raceway/art/shapes/buildings/hr_plasticbarrier_red.DAE";
      dynamic = "0";
      playAmbient = "1";
      meshCulling = "0";
      originSort = "0";
      useInstanceRenderData = "0";
      instanceColor = "White";
      instanceColor1 = "White";
      instanceColor2 = "White";
      collisionType = "Collision Mesh";
      decalType = "Collision Mesh";
      prebuildCollisionData = "0";
      renderNormals = "0";
      forceDetail = "-1";
      position = "-364.636963 173.120987 25.038723";
      scale = "1 1 1";
      rotationMatrix = "0.0652306676 -0.997865915 0.00293526147 0.997834861 0.0652033016 -0.008611314 0.00840154756 0.00349062798 0.999958634";
      isRenderEnabled = "false";
      canSave = "1";
      canSaveDynamicFields = "1";
      persistentId = "0023e870-36e1-4402-bf4d-40369f01021d";
   };
   new TSStatic() {
      shapeName = "/levels/hirochi_raceway/art/shapes/buildings/hr_plasticbarrier_red.DAE";
      dynamic = "0";
      playAmbient = "1";
      meshCulling = "0";
      originSort = "0";
      useInstanceRenderData = "0";
      instanceColor = "White";
      instanceColor1 = "White";
      instanceColor2 = "White";
      collisionType = "Collision Mesh";
      decalType = "Collision Mesh";
      prebuildCollisionData = "0";
      renderNormals = "0";
      forceDetail = "-1";
      position = "-365.030029 178.86261 25.0458927";
      scale = "1 1 1";
      rotationMatrix = "0.0652236491 -0.997864544 0.00349954097 0.997865975 0.0652121976 -0.00329194544 0.0030567029 0.00370678562 0.999988437";
      isRenderEnabled = "false";
      canSave = "1";
      canSaveDynamicFields = "1";
      persistentId = "291df545-3eb8-474f-b404-d5e883b3480f";
   };
   new TSStatic() {
      shapeName = "/levels/hirochi_raceway/art/shapes/buildings/hr_plasticbarrier_red.DAE";
      dynamic = "0";
      playAmbient = "1";
      meshCulling = "0";
      originSort = "0";
      useInstanceRenderData = "0";
      instanceColor = "White";
      instanceColor1 = "White";
      instanceColor2 = "White";
      collisionType = "Collision Mesh";
      decalType = "Collision Mesh";
      prebuildCollisionData = "0";
      renderNormals = "0";
      forceDetail = "-1";
      position = "-365.217896 181.742981 25.0367813";
      scale = "1 1 1";
      rotationMatrix = "0.0746667087 -0.99720794 0.00112299027 0.99718827 0.0746579617 -0.00646487903 0.00636298815 0.00160254398 0.999978483";
      isRenderEnabled = "false";
      canSave = "1";
      canSaveDynamicFields = "1";
      persistentId = "3ac621da-1ed4-43a9-8529-81557582b38e";
   };
   new TSStatic() {
      shapeName = "/levels/hirochi_raceway/art/shapes/buildings/hr_plasticbarrier_red.DAE";
      dynamic = "0";
      playAmbient = "1";
      meshCulling = "0";
      originSort = "0";
      useInstanceRenderData = "0";
      instanceColor = "White";
      instanceColor1 = "White";
      instanceColor2 = "White";
      collisionType = "Collision Mesh";
      decalType = "Collision Mesh";
      prebuildCollisionData = "0";
      renderNormals = "0";
      forceDetail = "-1";
      position = "-365.600311 187.490631 25.0271053";
      scale = "1 1 1";
      rotationMatrix = "0.0746590346 -0.997204363 -0.00307642762 0.997205377 0.0746668428 -0.00250712154 0.00272981962 -0.00288065104 0.999992132";
      isRenderEnabled = "false";
      canSave = "1";
      canSaveDynamicFields = "1";
      persistentId = "456e43aa-eaef-48f9-b568-5c4604e67d3d";
   };
   new TSStatic() {
      shapeName = "/levels/hirochi_raceway/art/shapes/buildings/hr_plasticbarrier_red.DAE";
      dynamic = "0";
      playAmbient = "1";
      meshCulling = "0";
      originSort = "0";
      useInstanceRenderData = "0";
      instanceColor = "White";
      instanceColor1 = "White";
      instanceColor2 = "White";
      collisionType = "Collision Mesh";
      decalType = "Collision Mesh";
      prebuildCollisionData = "0";
      renderNormals = "0";
      forceDetail = "-1";
      position = "-365.412445 184.61026 25.0306149";
      scale = "1 1 1";
      rotationMatrix = "0.065218389 -0.997870028 0.00142342749 0.997870982 0.0652181357 -0.000224313073 0.000131002002 0.00143502629 0.999998987";
      isRenderEnabled = "false";
      canSave = "1";
      canSaveDynamicFields = "1";
      persistentId = "530cd28f-35bf-4a2e-940e-c4cc6ef47bfc";
   };
   new TSStatic() {
      shapeName = "/levels/hirochi_raceway/art/shapes/buildings/hr_plasticbarrier_red.DAE";
      dynamic = "0";
      playAmbient = "1";
      meshCulling = "0";
      originSort = "0";
      useInstanceRenderData = "0";
      instanceColor = "White";
      instanceColor1 = "White";
      instanceColor2 = "White";
      collisionType = "Collision Mesh";
      decalType = "Collision Mesh";
      prebuildCollisionData = "0";
      renderNormals = "0";
      forceDetail = "-1";
      position = "-365.804108 190.345367 25.032383";
      scale = "1 1 1";
      rotationMatrix = "0.0652169362 -0.997867882 -0.00254134182 0.997870445 0.0652196258 -0.000991083798 0.00115471601 -0.00247129449 0.999996305";
      isRenderEnabled = "false";
      canSave = "1";
      canSaveDynamicFields = "1";
      persistentId = "165b3eee-8574-466b-a393-e5f3b43f8321";
   };
   new TSStatic() {
      shapeName = "/levels/hirochi_raceway/art/shapes/buildings/hr_plasticbarrier_red.DAE";
      dynamic = "0";
      playAmbient = "1";
      meshCulling = "0";
      originSort = "0";
      useInstanceRenderData = "0";
      instanceColor = "White";
      instanceColor1 = "White";
      instanceColor2 = "White";
      collisionType = "Collision Mesh";
      decalType = "Collision Mesh";
      prebuildCollisionData = "0";
      renderNormals = "0";
      forceDetail = "-1";
      position = "-365.991974 193.225754 25.029707";
      scale = "1 1 1";
      rotationMatrix = "0.0746650994 -0.997195959 0.00503476895 0.997208357 0.074660331 -0.00112811348 0.000749052677 0.00510494458 0.999986708";
      isRenderEnabled = "false";
      canSave = "1";
      canSaveDynamicFields = "1";
      persistentId = "084744ac-c6cd-4165-93c8-d5d1b0d48fb0";
   };
   new TSStatic() {
      shapeName = "/levels/hirochi_raceway/art/shapes/buildings/hr_plasticbarrier_red.DAE";
      dynamic = "0";
      playAmbient = "1";
      meshCulling = "0";
      originSort = "0";
      useInstanceRenderData = "0";
      instanceColor = "White";
      instanceColor1 = "White";
      instanceColor2 = "White";
      collisionType = "Collision Mesh";
      decalType = "Collision Mesh";
      prebuildCollisionData = "0";
      renderNormals = "0";
      forceDetail = "-1";
      position = "-366.473785 198.959076 25.0297852";
      scale = "1 1 1";
      rotationMatrix = "0.0986837149 -0.995118737 0.000504316238 0.995117545 0.0986843929 0.0015630431 -0.00160518161 0.000347607012 0.999998629";
      isRenderEnabled = "false";
      canSave = "1";
      canSaveDynamicFields = "1";
      persistentId = "b606691f-615a-48dd-9afc-0096e28797e0";
   };
   new TSStatic() {
      shapeName = "/levels/hirochi_raceway/art/shapes/buildings/hr_plasticbarrier_red.DAE";
      dynamic = "0";
      playAmbient = "1";
      meshCulling = "0";
      originSort = "0";
      useInstanceRenderData = "0";
      instanceColor = "White";
      instanceColor1 = "White";
      instanceColor2 = "White";
      collisionType = "Collision Mesh";
      decalType = "Collision Mesh";
      prebuildCollisionData = "0";
      renderNormals = "0";
      forceDetail = "-1";
      position = "-366.216522 196.084076 25.0273705";
      scale = "1 1 1";
      rotationMatrix = "0.089257203 -0.996000409 -0.00404629577 0.996008575 0.0892578512 2.12884916e-05 0.00033996033 -0.0040320456 0.999991834";
      isRenderEnabled = "false";
      canSave = "1";
      canSaveDynamicFields = "1";
      persistentId = "e61b7829-71b5-4e0e-88c3-1dad913ae8a5";
   };
   new TSStatic() {
      shapeName = "/levels/hirochi_raceway/art/shapes/buildings/hr_plasticbarrier_red.DAE";
      dynamic = "0";
      playAmbient = "1";
      meshCulling = "0";
      originSort = "0";
      useInstanceRenderData = "0";
      instanceColor = "White";
      instanceColor1 = "White";
      instanceColor2 = "White";
      collisionType = "Collision Mesh";
      decalType = "Collision Mesh";
      prebuildCollisionData = "0";
      renderNormals = "0";
      forceDetail = "-1";
      position = "-366.762604 201.819946 25.0304127";
      scale = "1 1 1";
      rotationMatrix = "0.101995356 -0.994784772 -0.000484201999 0.994778574 0.101992965 0.00360803399 -0.00353983184 -0.000849676493 0.999993384";
      isRenderEnabled = "false";
      canSave = "1";
      canSaveDynamicFields = "1";
      persistentId = "f3a91edc-a141-48df-9ca0-56f471cc2f46";
   };
   new TSStatic() {
      shapeName = "/levels/hirochi_raceway/art/shapes/buildings/hr_plasticbarrier_red.DAE";
      dynamic = "0";
      playAmbient = "1";
      meshCulling = "0";
      originSort = "0";
      useInstanceRenderData = "0";
      instanceColor = "White";
      instanceColor1 = "White";
      instanceColor2 = "White";
      collisionType = "Collision Mesh";
      decalType = "Collision Mesh";
      prebuildCollisionData = "0";
      renderNormals = "0";
      forceDetail = "-1";
      position = "-367.056641 204.691422 25.0342159";
      scale = "1 1 1";
      rotationMatrix = "0.111414745 -0.993771315 -0.00231128791 0.993759334 0.111400172 0.00568906311 -0.00539615005 -0.00293070963 0.999981165";
      isRenderEnabled = "false";
      canSave = "1";
      canSaveDynamicFields = "1";
      persistentId = "bc6aae10-a661-4750-a80e-c754cb95be57";
   };
   new TSStatic() {
      shapeName = "/levels/hirochi_raceway/art/shapes/buildings/hr_plasticbarrier_red.DAE";
      dynamic = "0";
      playAmbient = "1";
      meshCulling = "0";
      originSort = "0";
      useInstanceRenderData = "0";
      instanceColor = "White";
      instanceColor1 = "White";
      instanceColor2 = "White";
      collisionType = "Collision Mesh";
      decalType = "Collision Mesh";
      prebuildCollisionData = "0";
      renderNormals = "0";
      forceDetail = "-1";
      position = "-367.777832 210.400635 25.0459366";
      scale = "1 1 1";
      rotationMatrix = "0.144033238 -0.989571869 0.0014031498 0.989572823 0.144033551 0.000124437749 -0.000325240719 0.00137059565 0.999998987";
      isRenderEnabled = "false";
      canSave = "1";
      canSaveDynamicFields = "1";
      persistentId = "5e6ed7a8-d000-413b-8a55-cc638352e227";
   };
   new TSStatic() {
      shapeName = "/levels/hirochi_raceway/art/shapes/buildings/hr_plasticbarrier_red.DAE";
      dynamic = "0";
      playAmbient = "1";
      meshCulling = "0";
      originSort = "0";
      useInstanceRenderData = "0";
      instanceColor = "White";
      instanceColor1 = "White";
      instanceColor2 = "White";
      collisionType = "Collision Mesh";
      decalType = "Collision Mesh";
      prebuildCollisionData = "0";
      renderNormals = "0";
      forceDetail = "-1";
      position = "-367.389526 207.54039 25.0436382";
      scale = "1 1 1";
      rotationMatrix = "0.134677127 -0.990872145 -0.00587036461 0.990867615 0.134632379 0.0074487282 -0.00659039617 -0.00681992713 0.999954998";
      isRenderEnabled = "false";
      canSave = "1";
      canSaveDynamicFields = "1";
      persistentId = "ac46c190-2046-435d-b2f3-dce57b4bce14";
   };
   new TSStatic() {
      shapeName = "/levels/hirochi_raceway/art/shapes/buildings/hr_plasticbarrier_red.DAE";
      dynamic = "0";
      playAmbient = "1";
      meshCulling = "0";
      originSort = "0";
      useInstanceRenderData = "0";
      instanceColor = "White";
      instanceColor1 = "White";
      instanceColor2 = "White";
      collisionType = "Collision Mesh";
      decalType = "Collision Mesh";
      prebuildCollisionData = "0";
      renderNormals = "0";
      forceDetail = "-1";
      position = "-368.202271 213.272766 25.0471802";
      scale = "1 1 1";
      rotationMatrix = "0.15942429 -0.987209439 0.00117931247 0.987208128 0.159426272 0.00183195318 -0.00199653488 0.000872168981 0.999997616";
      isRenderEnabled = "false";
      canSave = "1";
      canSaveDynamicFields = "1";
      persistentId = "7a550dd8-a7d9-4db7-b948-ef016d99ba20";
   };
   new TSStatic() {
      shapeName = "/levels/hirochi_raceway/art/shapes/buildings/hr_plasticbarrier_red.DAE";
      dynamic = "0";
      playAmbient = "1";
      meshCulling = "0";
      originSort = "0";
      useInstanceRenderData = "0";
      instanceColor = "White";
      instanceColor1 = "White";
      instanceColor2 = "White";
      collisionType = "Collision Mesh";
      decalType = "Collision Mesh";
      prebuildCollisionData = "0";
      renderNormals = "0";
      forceDetail = "-1";
      position = "-368.662048 216.122375 25.0397873";
      scale = "1 1 1";
      rotationMatrix = "0.168763191 -0.985646963 0.00436273543 0.985656202 0.168765664 0.000200831506 -0.000934228941 0.00426626438 0.999990463";
      isRenderEnabled = "false";
      canSave = "1";
      canSaveDynamicFields = "1";
      persistentId = "c1943a8b-dc9a-4f9d-9e79-05452e1b60a2";
   };
   new TSStatic() {
      shapeName = "/levels/hirochi_raceway/art/shapes/buildings/hr_plasticbarrier_red.DAE";
      dynamic = "0";
      playAmbient = "1";
      meshCulling = "0";
      originSort = "0";
      useInstanceRenderData = "0";
      instanceColor = "White";
      instanceColor1 = "White";
      instanceColor2 = "White";
      collisionType = "Collision Mesh";
      decalType = "Collision Mesh";
      prebuildCollisionData = "0";
      renderNormals = "0";
      forceDetail = "-1";
      position = "-369.59549 221.793564 25.0053692";
      scale = "1 1 1";
      rotationMatrix = "0.168764591 -0.985655844 0.00104190724 0.985655308 0.168765873 0.00128560036 -0.00144299783 0.000809997669 0.999998629";
      isRenderEnabled = "false";
      canSave = "1";
      canSaveDynamicFields = "1";
      persistentId = "e5a19d1b-2507-4ff8-8b59-cfabc7324575";
   };
   new TSStatic() {
      shapeName = "/levels/hirochi_raceway/art/shapes/buildings/hr_plasticbarrier_red.DAE";
      dynamic = "0";
      playAmbient = "1";
      meshCulling = "0";
      originSort = "0";
      useInstanceRenderData = "0";
      instanceColor = "White";
      instanceColor1 = "White";
      instanceColor2 = "White";
      collisionType = "Collision Mesh";
      decalType = "Collision Mesh";
      prebuildCollisionData = "0";
      renderNormals = "0";
      forceDetail = "-1";
      position = "-369.135681 218.943939 25.0306931";
      scale = "1 1 1";
      rotationMatrix = "0.159424275 -0.98720783 0.00214219582 0.987209499 0.159426317 0.00082015869 -0.00115118944 0.00198404281 0.999997377";
      isRenderEnabled = "false";
      canSave = "1";
      canSaveDynamicFields = "1";
      persistentId = "a312b8ee-5310-4ac2-95e8-8b1dc5e12b81";
   };
   new TSStatic() {
      shapeName = "/levels/hirochi_raceway/art/shapes/buildings/hr_plasticbarrier_red.DAE";
      dynamic = "0";
      playAmbient = "1";
      meshCulling = "0";
      originSort = "0";
      useInstanceRenderData = "0";
      instanceColor = "White";
      instanceColor1 = "White";
      instanceColor2 = "White";
      collisionType = "Collision Mesh";
      decalType = "Collision Mesh";
      prebuildCollisionData = "0";
      renderNormals = "0";
      forceDetail = "-1";
      position = "-318.045349 -96.5760956 36.598568";
      scale = "1 1 1";
      rotationMatrix = "-0.0127301775 -0.999114156 0.0401105694 0.999898136 -0.012978537 -0.00593755627 0.00645287335 0.0400308967 0.999177635";
      isRenderEnabled = "false";
      canSave = "1";
      canSaveDynamicFields = "1";
      persistentId = "1d7c1c9a-722d-425c-9292-d537cca04ec6";
   };
   new TSStatic() {
      shapeName = "/levels/hirochi_raceway/art/shapes/buildings/hr_plasticbarrier_red.DAE";
      dynamic = "0";
      playAmbient = "1";
      meshCulling = "0";
      originSort = "0";
      useInstanceRenderData = "0";
      instanceColor = "White";
      instanceColor1 = "White";
      instanceColor2 = "White";
      collisionType = "Collision Mesh";
      decalType = "Collision Mesh";
      prebuildCollisionData = "0";
      renderNormals = "0";
      forceDetail = "-1";
      position = "-318.007385 -93.6898651 36.4825783";
      scale = "1 1 1";
      rotationMatrix = "-0.00338343089 -0.999218464 0.0393834002 0.999973178 -0.00363664445 -0.00635958835 0.00649784133 0.039360825 0.99920392";
      isRenderEnabled = "false";
      canSave = "1";
      canSaveDynamicFields = "1";
      persistentId = "b8493485-0b85-4be1-816b-987ec40e2101";
   };
   new TSStatic() {
      shapeName = "/levels/hirochi_raceway/art/shapes/buildings/hr_plasticbarrier_red.DAE";
      dynamic = "0";
      playAmbient = "1";
      meshCulling = "0";
      originSort = "0";
      useInstanceRenderData = "0";
      instanceColor = "White";
      instanceColor1 = "White";
      instanceColor2 = "White";
      collisionType = "Collision Mesh";
      decalType = "Collision Mesh";
      prebuildCollisionData = "0";
      renderNormals = "0";
      forceDetail = "-1";
      position = "-318.08609 -99.4198914 36.7171249";
      scale = "1 1 1";
      rotationMatrix = "-0.0297294632 -0.998661399 0.042327214 0.999532878 -0.0300022606 -0.00582422502 0.0070863408 0.0421342887 0.999086797";
      isRenderEnabled = "false";
      canSave = "1";
      canSaveDynamicFields = "1";
      persistentId = "ac192af6-4478-4b2c-8733-1dfdc135f9e5";
   };
   new TSStatic() {
      shapeName = "/levels/hirochi_raceway/art/shapes/buildings/hr_plasticbarrier_red.DAE";
      dynamic = "0";
      playAmbient = "1";
      meshCulling = "0";
      originSort = "0";
      useInstanceRenderData = "0";
      instanceColor = "White";
      instanceColor1 = "White";
      instanceColor2 = "White";
      collisionType = "Collision Mesh";
      decalType = "Collision Mesh";
      prebuildCollisionData = "0";
      renderNormals = "0";
      forceDetail = "-1";
      position = "-318.200165 -102.304123 36.8549957";
      scale = "1 1 1";
      rotationMatrix = "-0.0390105881 -0.997988224 0.0499772355 0.99921602 -0.0392987654 -0.00479618832 0.00675058318 0.0497509502 0.998738825";
      isRenderEnabled = "false";
      canSave = "1";
      canSaveDynamicFields = "1";
      persistentId = "f5d850b7-5d02-4e9d-8ccc-e941b67dc845";
   };
   new TSStatic() {
      shapeName = "/levels/hirochi_raceway/art/shapes/buildings/hr_plasticbarrier_red.DAE";
      dynamic = "0";
      playAmbient = "1";
      meshCulling = "0";
      originSort = "0";
      useInstanceRenderData = "0";
      instanceColor = "White";
      instanceColor1 = "White";
      instanceColor2 = "White";
      collisionType = "Collision Mesh";
      decalType = "Collision Mesh";
      prebuildCollisionData = "0";
      renderNormals = "0";
      forceDetail = "-1";
      position = "-318.463287 -108.03038 37.1752739";
      scale = "1 1 1";
      rotationMatrix = "-0.0515138246 -0.996712029 0.062541239 0.998670816 -0.0513043441 0.00495183468 -0.00172691606 0.0627131984 0.998030066";
      isRenderEnabled = "false";
      canSave = "1";
      canSaveDynamicFields = "1";
      persistentId = "aae3584a-af95-4bd7-a9f1-c6cfc5fbc480";
   };
   new TSStatic() {
      shapeName = "/levels/hirochi_raceway/art/shapes/buildings/hr_plasticbarrier_red.DAE";
      dynamic = "0";
      playAmbient = "1";
      meshCulling = "0";
      originSort = "0";
      useInstanceRenderData = "0";
      instanceColor = "White";
      instanceColor1 = "White";
      instanceColor2 = "White";
      collisionType = "Collision Mesh";
      decalType = "Collision Mesh";
      prebuildCollisionData = "0";
      renderNormals = "0";
      forceDetail = "-1";
      position = "-318.313538 -105.147766 37.0002823";
      scale = "1 1 1";
      rotationMatrix = "-0.0421828032 -0.997500718 0.0566832162 0.99910903 -0.0421907715 0.00105663412 0.00133751542 0.0566772856 0.998391628";
      isRenderEnabled = "false";
      canSave = "1";
      canSaveDynamicFields = "1";
      persistentId = "7c7dd65e-f08f-40d2-909c-16d9282b2ce5";
   };
   new TSStatic() {
      shapeName = "/levels/hirochi_raceway/art/shapes/buildings/hr_plasticbarrier_red.DAE";
      dynamic = "0";
      playAmbient = "1";
      meshCulling = "0";
      originSort = "0";
      useInstanceRenderData = "0";
      instanceColor = "White";
      instanceColor1 = "White";
      instanceColor2 = "White";
      collisionType = "Collision Mesh";
      decalType = "Collision Mesh";
      prebuildCollisionData = "0";
      renderNormals = "0";
      forceDetail = "-1";
      position = "-79.1077881 -127.116943 29.8892441";
      scale = "1 1 1";
      rotationMatrix = "0.84687525 0.524995148 -0.0847487897 -0.521720827 0.851086855 0.0588090867 0.103003062 -0.00558875315 0.994665325";
      isRenderEnabled = "false";
      canSave = "1";
      canSaveDynamicFields = "1";
      persistentId = "a4026412-63fa-4336-a66a-e49b96c0605a";
   };
   new TSStatic() {
      shapeName = "/levels/hirochi_raceway/art/shapes/buildings/hr_plasticbarrier_red.DAE";
      dynamic = "0";
      playAmbient = "1";
      meshCulling = "0";
      originSort = "0";
      useInstanceRenderData = "0";
      instanceColor = "White";
      instanceColor1 = "White";
      instanceColor2 = "White";
      collisionType = "Collision Mesh";
      decalType = "Collision Mesh";
      prebuildCollisionData = "0";
      renderNormals = "0";
      forceDetail = "-1";
      position = "-76.6335449 -125.630295 29.6271687";
      scale = "1 1 1";
      rotationMatrix = "0.851921856 0.517459393 -0.0804049447 -0.514238894 0.855667889 0.0582306609 0.098931931 -0.00826062448 0.995059907";
      isRenderEnabled = "false";
      canSave = "1";
      canSaveDynamicFields = "1";
      persistentId = "3614d28d-a960-43b3-a758-6769817db1c2";
   };
   new TSStatic() {
      shapeName = "/levels/hirochi_raceway/art/shapes/buildings/hr_plasticbarrier_red.DAE";
      dynamic = "0";
      playAmbient = "1";
      meshCulling = "0";
      originSort = "0";
      useInstanceRenderData = "0";
      instanceColor = "White";
      instanceColor1 = "White";
      instanceColor2 = "White";
      collisionType = "Collision Mesh";
      decalType = "Collision Mesh";
      prebuildCollisionData = "0";
      renderNormals = "0";
      forceDetail = "-1";
      position = "-81.5293579 -128.611969 30.147049";
      scale = "1 1 1";
      rotationMatrix = "0.844789565 0.527079344 -0.0922927111 -0.523671448 0.849813104 0.0598825328 0.109994397 -0.00225708308 0.993929625";
      isRenderEnabled = "false";
      canSave = "1";
      canSaveDynamicFields = "1";
      persistentId = "f386469c-6190-4f56-97e0-86a4fce3c956";
   };
   new TSStatic() {
      shapeName = "/levels/hirochi_raceway/art/shapes/buildings/hr_plasticbarrier_red.DAE";
      dynamic = "0";
      playAmbient = "1";
      meshCulling = "0";
      originSort = "0";
      useInstanceRenderData = "0";
      instanceColor = "White";
      instanceColor1 = "White";
      instanceColor2 = "White";
      collisionType = "Collision Mesh";
      decalType = "Collision Mesh";
      prebuildCollisionData = "0";
      renderNormals = "0";
      forceDetail = "-1";
      position = "-83.9850006 -130.12912 30.4167614";
      scale = "1 1 1";
      rotationMatrix = "0.839787304 0.534322739 -0.0962105393 -0.531445742 0.845268667 0.0555542894 0.111007676 0.0044768909 0.993809462";
      isRenderEnabled = "false";
      canSave = "1";
      canSaveDynamicFields = "1";
      persistentId = "9c21823b-2054-4004-9787-d77155f7cccc";
   };
   new TSStatic() {
      shapeName = "/levels/hirochi_raceway/art/shapes/buildings/hr_plasticbarrier_red.DAE";
      dynamic = "0";
      playAmbient = "1";
      meshCulling = "0";
      originSort = "0";
      useInstanceRenderData = "0";
      instanceColor = "White";
      instanceColor1 = "White";
      instanceColor2 = "White";
      collisionType = "Collision Mesh";
      decalType = "Collision Mesh";
      prebuildCollisionData = "0";
      renderNormals = "0";
      forceDetail = "-1";
      position = "-88.7808685 -133.265823 30.9505577";
      scale = "1 1 1";
      rotationMatrix = "0.824759662 0.556620598 -0.0997244492 -0.552812099 0.830765486 0.0650193095 0.119038716 0.00150357594 0.992888451";
      isRenderEnabled = "false";
      canSave = "1";
      canSaveDynamicFields = "1";
      persistentId = "76becb92-e5fc-45fe-af3d-782e909d34c4";
   };
   new TSStatic() {
      shapeName = "/levels/hirochi_raceway/art/shapes/buildings/hr_plasticbarrier_red.DAE";
      dynamic = "0";
      playAmbient = "1";
      meshCulling = "0";
      originSort = "0";
      useInstanceRenderData = "0";
      instanceColor = "White";
      instanceColor1 = "White";
      instanceColor2 = "White";
      collisionType = "Collision Mesh";
      decalType = "Collision Mesh";
      prebuildCollisionData = "0";
      renderNormals = "0";
      forceDetail = "-1";
      position = "-86.3661041 -131.684464 30.6693974";
      scale = "1 1 1";
      rotationMatrix = "0.830520689 0.548620701 -0.0961802602 -0.545573294 0.836059868 0.057910502 0.112183362 0.00437750993 0.993677855";
      isRenderEnabled = "false";
      canSave = "1";
      canSaveDynamicFields = "1";
      persistentId = "b9925f89-c258-4d3a-ac75-60fe109035ba";
   };
   new TSStatic() {
      shapeName = "/levels/hirochi_raceway/art/shapes/buildings/hr_plasticbarrier_red.DAE";
      dynamic = "0";
      playAmbient = "1";
      meshCulling = "0";
      originSort = "0";
      useInstanceRenderData = "0";
      instanceColor = "White";
      instanceColor1 = "White";
      instanceColor2 = "White";
      collisionType = "Collision Mesh";
      decalType = "Collision Mesh";
      prebuildCollisionData = "0";
      renderNormals = "0";
      forceDetail = "-1";
      position = "-80.5616608 -145.735672 29.8332119";
      scale = "1 1 1";
      rotationMatrix = "0.835475862 0.540693521 -0.0981357396 -0.535076499 0.841113091 0.0788793266 0.125192791 -0.0133916466 0.992042065";
      isRenderEnabled = "false";
      canSave = "1";
      canSaveDynamicFields = "1";
      persistentId = "47daf466-9df7-400f-83a2-018f1bfa9fa7";
   };
   new TSStatic() {
      shapeName = "/levels/hirochi_raceway/art/shapes/buildings/hr_plasticbarrier_red.DAE";
      dynamic = "0";
      playAmbient = "1";
      meshCulling = "0";
      originSort = "0";
      useInstanceRenderData = "0";
      instanceColor = "White";
      instanceColor1 = "White";
      instanceColor2 = "White";
      collisionType = "Collision Mesh";
      decalType = "Collision Mesh";
      prebuildCollisionData = "0";
      renderNormals = "0";
      forceDetail = "-1";
      position = "-82.9913635 -147.293945 30.1142902";
      scale = "1 1 1";
      rotationMatrix = "0.830593586 0.548715472 -0.0950033441 -0.54378283 0.83595103 0.0740683749 0.120060615 -0.00985952746 0.992717624";
      isRenderEnabled = "false";
      canSave = "1";
      canSaveDynamicFields = "1";
      persistentId = "bfc4e454-87ea-48af-9522-583dc6df1d9d";
   };
   new TSStatic() {
      shapeName = "/levels/hirochi_raceway/art/shapes/buildings/hr_plasticbarrier_red.DAE";
      dynamic = "0";
      playAmbient = "1";
      meshCulling = "0";
      originSort = "0";
      useInstanceRenderData = "0";
      instanceColor = "White";
      instanceColor1 = "White";
      instanceColor2 = "White";
      collisionType = "Collision Mesh";
      decalType = "Collision Mesh";
      prebuildCollisionData = "0";
      renderNormals = "0";
      forceDetail = "-1";
      position = "-78.1658478 -144.203079 29.5583515";
      scale = "1 1 1";
      rotationMatrix = "0.844932914 0.526293576 -0.0954121053 -0.520979345 0.850179136 0.0759992152 0.121115282 -0.0145064946 0.992532432";
      isRenderEnabled = "false";
      canSave = "1";
      canSaveDynamicFields = "1";
      persistentId = "6e542fcb-bd15-4f9f-8c81-21028d5a713f";
   };
   new TSStatic() {
      shapeName = "/levels/hirochi_raceway/art/shapes/buildings/hr_plasticbarrier_red.DAE";
      dynamic = "0";
      playAmbient = "1";
      meshCulling = "0";
      originSort = "0";
      useInstanceRenderData = "0";
      instanceColor = "White";
      instanceColor1 = "White";
      instanceColor2 = "White";
      collisionType = "Collision Mesh";
      decalType = "Collision Mesh";
      prebuildCollisionData = "0";
      renderNormals = "0";
      forceDetail = "-1";
      position = "-75.6958618 -142.709396 29.3028431";
      scale = "1 1 1";
      rotationMatrix = "0.849760115 0.519008517 -0.0924007446 -0.513507187 0.854568899 0.0776037648 0.119239822 -0.0184961371 0.992693186";
      isRenderEnabled = "false";
      canSave = "1";
      canSaveDynamicFields = "1";
      persistentId = "38a573ca-787f-4eba-a8fe-317192d9ce85";
   };
   new TSStatic() {
      shapeName = "/levels/hirochi_raceway/art/shapes/buildings/hr_plasticbarrier_red.DAE";
      dynamic = "0";
      playAmbient = "1";
      meshCulling = "0";
      originSort = "0";
      useInstanceRenderData = "0";
      instanceColor = "White";
      instanceColor1 = "White";
      instanceColor2 = "White";
      collisionType = "Collision Mesh";
      decalType = "Collision Mesh";
      prebuildCollisionData = "0";
      renderNormals = "0";
      forceDetail = "-1";
      position = "-70.7718506 -139.77449 28.78895";
      scale = "1 1 1";
      rotationMatrix = "0.856803894 0.509321332 -0.0804911554 -0.504264534 0.860237598 0.0755550936 0.10772334 -0.0241470635 0.993887603";
      isRenderEnabled = "false";
      canSave = "1";
      canSaveDynamicFields = "1";
      persistentId = "b4b31204-82b4-49f2-a598-94d0620bed43";
   };
   new TSStatic() {
      shapeName = "/levels/hirochi_raceway/art/shapes/buildings/hr_plasticbarrier_red.DAE";
      dynamic = "0";
      playAmbient = "1";
      meshCulling = "0";
      originSort = "0";
      useInstanceRenderData = "0";
      instanceColor = "White";
      instanceColor1 = "White";
      instanceColor2 = "White";
      collisionType = "Collision Mesh";
      decalType = "Collision Mesh";
      prebuildCollisionData = "0";
      renderNormals = "0";
      forceDetail = "-1";
      position = "-73.2601624 -141.237503 29.0413189";
      scale = "1 1 1";
      rotationMatrix = "0.851313174 0.516975224 -0.0894565433 -0.511045396 0.855670512 0.0816121474 0.118736789 -0.0237611402 0.992641389";
      isRenderEnabled = "false";
      canSave = "1";
      canSaveDynamicFields = "1";
      persistentId = "c130d720-df5c-42a4-b0c4-5681ef2a9cb3";
   };
   new TSStatic() {
      shapeName = "/levels/hirochi_raceway/art/shapes/buildings/hr_plasticbarrier_red.DAE";
      dynamic = "0";
      playAmbient = "1";
      meshCulling = "0";
      originSort = "0";
      useInstanceRenderData = "0";
      instanceColor = "White";
      instanceColor1 = "White";
      instanceColor2 = "White";
      collisionType = "Collision Mesh";
      decalType = "Collision Mesh";
      prebuildCollisionData = "0";
      renderNormals = "0";
      forceDetail = "-1";
      position = "4.67056274 -112.914413 26.5123463";
      scale = "1 1 1";
      rotationMatrix = "0.939659417 -0.341366053 -0.0225691199 0.341897815 0.939357579 0.0267058909 0.0120839896 -0.0328107737 0.999388516";
      isRenderEnabled = "false";
      canSave = "1";
      canSaveDynamicFields = "1";
      persistentId = "36903e07-c30b-47f2-bfd7-5e41dea13545";
   };
   new TSStatic() {
      shapeName = "/levels/hirochi_raceway/art/shapes/buildings/hr_plasticbarrier_red.DAE";
      dynamic = "0";
      playAmbient = "1";
      meshCulling = "0";
      originSort = "0";
      useInstanceRenderData = "0";
      instanceColor = "White";
      instanceColor1 = "White";
      instanceColor2 = "White";
      collisionType = "Collision Mesh";
      decalType = "Collision Mesh";
      prebuildCollisionData = "0";
      renderNormals = "0";
      forceDetail = "-1";
      position = "7.37303162 -113.92865 26.4618816";
      scale = "1 1 1";
      rotationMatrix = "0.936664879 -0.349312633 -0.0252902973 0.349931031 0.936398029 0.0265891571 0.0143938577 -0.0337549895 0.999326468";
      isRenderEnabled = "false";
      canSave = "1";
      canSaveDynamicFields = "1";
      persistentId = "383130be-6428-41ee-972e-a8a9b99caa02";
   };
   new TSStatic() {
      shapeName = "/levels/hirochi_raceway/art/shapes/buildings/hr_plasticbarrier_red.DAE";
      dynamic = "0";
      playAmbient = "1";
      meshCulling = "0";
      originSort = "0";
      useInstanceRenderData = "0";
      instanceColor = "White";
      instanceColor1 = "White";
      instanceColor2 = "White";
      collisionType = "Collision Mesh";
      decalType = "Collision Mesh";
      prebuildCollisionData = "0";
      renderNormals = "0";
      forceDetail = "-1";
      position = "1.9942627 -111.94664 26.5805016";
      scale = "1 1 1";
      rotationMatrix = "0.940436542 -0.339466602 -0.0184792932 0.339919001 0.939841688 0.0339513719 0.00584225357 -0.0382105745 0.999252617";
      isRenderEnabled = "false";
      canSave = "1";
      canSaveDynamicFields = "1";
      persistentId = "2fe40130-bd37-48ca-bd63-746e80f107eb";
   };
   new TSStatic() {
      shapeName = "/levels/hirochi_raceway/art/shapes/buildings/hr_plasticbarrier_red.DAE";
      dynamic = "0";
      playAmbient = "1";
      meshCulling = "0";
      originSort = "0";
      useInstanceRenderData = "0";
      instanceColor = "White";
      instanceColor1 = "White";
      instanceColor2 = "White";
      collisionType = "Collision Mesh";
      decalType = "Collision Mesh";
