{"class":"TSStatic","persistentId":"2c7c1050-49b3-46ec-bce1-d9dd067f2fca","__parent":"movie_studio_str","position":[-877.332703,-716.347595,108.513641],"isRenderEnabled":false,"rotationMatrix":[1,0,0,0,0.997871101,-0.065217033,0,0.065217033,0.997871101],"shapeName":"/levels/west_coast_usa/art/shapes/objects/constructionbarrier.dae","useInstanceRenderData":true}
{"class":"TSStatic","persistentId":"32f26b04-cfe9-4054-8a68-69c1f1b76752","__parent":"movie_studio_str","position":[-876.115417,-715.816345,108.608406],"isRenderEnabled":false,"rotationMatrix":[-0.579072356,-0.815275908,0,0.809293747,-0.57482338,0.120919012,-0.0985823721,0.0700208768,0.99266237],"shapeName":"/levels/west_coast_usa/art/shapes/objects/constructionbarrier.dae","useInstanceRenderData":true}
{"class":"TSStatic","persistentId":"942df3ce-d74a-48f0-b4db-dc27f6d42694","__parent":"movie_studio_str","position":[-886.379761,-707.846863,106.968384],"isRenderEnabled":false,"rotationMatrix":[-0.579072356,-0.815275908,0,0.809293747,-0.57482338,0.120919012,-0.0985823721,0.0700208768,0.99266237],"shapeName":"/levels/west_coast_usa/art/shapes/objects/constructionbarrier.dae","useInstanceRenderData":true}
{"class":"TSStatic","persistentId":"a042c1e0-2c58-4554-a863-244f8933814b","__parent":"movie_studio_str","position":[-886.893188,-708.426941,106.958313],"isRenderEnabled":false,"rotationMatrix":[-0.579072356,-0.815275908,0,0.809293747,-0.57482338,0.120919012,-0.0985823721,0.0700208768,0.99266237],"shapeName":"/levels/west_coast_usa/art/shapes/objects/constructionbarrier.dae","useInstanceRenderData":true}
{"class":"TSStatic","persistentId":"68a8d4d3-614d-4f17-b714-bb5a132696e2","__parent":"movie_studio_str","position":[-915.371887,-684.299683,104.066338],"isRenderEnabled":false,"rotationMatrix":[-0.579072714,-0.815276027,9.31322575e-10,0.814929247,-0.578826427,0.0291613787,-0.0237745717,0.0168865547,0.999574721],"shapeName":"/levels/west_coast_usa/art/shapes/objects/constructionbarrier.dae","useInstanceRenderData":true}
{"class":"TSStatic","persistentId":"59b1ff55-c4a3-4e3d-b255-fac592c0e6f2","__parent":"movie_studio_str","position":[-915.885803,-684.879395,104.063911],"isRenderEnabled":false,"rotationMatrix":[-0.579072714,-0.815276027,9.31322575e-10,0.814929247,-0.578826427,0.0291613787,-0.0237745717,0.0168865547,0.999574721],"shapeName":"/levels/west_coast_usa/art/shapes/objects/constructionbarrier.dae","useInstanceRenderData":true}
{"class":"TSStatic","persistentId":"af36c945-d2e0-4e6f-8ab0-8822c29e46a5","__parent":"movie_studio_str","position":[-930.293762,-674.833191,103.778061],"isRenderEnabled":false,"rotationMatrix":[-0.97810328,0.206395984,-0.0267506707,-0.207133681,-0.977895737,0.0285736211,-0.0202618744,0.0334889032,0.999233663],"shapeName":"/levels/west_coast_usa/art/shapes/objects/constructionbarrier.dae","useInstanceRenderData":true}
{"class":"TSStatic","persistentId":"3f2a99c3-d79d-4a75-bba8-fabf35114da0","__parent":"movie_studio_str","position":[-931.029846,-674.592773,103.755081],"isRenderEnabled":false,"rotationMatrix":[-0.97810328,0.206395984,-0.0267506707,-0.207133681,-0.977895737,0.0285736211,-0.0202618744,0.0334889032,0.999233663],"shapeName":"/levels/west_coast_usa/art/shapes/objects/constructionbarrier.dae","useInstanceRenderData":true}
{"class":"TSStatic","persistentId":"9c3874a6-899a-4194-961a-89771784fabc","__parent":"movie_studio_str","position":[-894.113403,-770.125366,113.120605],"isRenderEnabled":false,"rotationMatrix":[0.167501569,-0.961547792,0.217644036,0.984264791,0.175702035,0.0187463015,-0.0562659577,0.211079344,0.975848198],"shapeName":"/levels/west_coast_usa/art/shapes/objects/constructionbarrier.dae","useInstanceRenderData":true}
{"class":"TSStatic","persistentId":"654e396a-f381-4b9f-966d-4e2668ac499a","__parent":"movie_studio_str","position":[-894.335999,-769.446045,112.925194],"isRenderEnabled":false,"rotationMatrix":[0.251391768,-0.943085313,0.217697859,0.967773676,0.241503298,-0.0713470727,0.014711611,0.228618309,0.973405004],"shapeName":"/levels/west_coast_usa/art/shapes/objects/constructionbarrier.dae","useInstanceRenderData":true}
{"class":"TSStatic","persistentId":"6041dc5c-8cd5-4b40-b420-4e9df0fd3f2e","__parent":"movie_studio_str","position":[-914.333679,-759.119141,112.278511],"isRenderEnabled":false,"rotationMatrix":[-0.926504493,-0.340428114,0.160307199,0.367760241,-0.909395456,0.194300011,0.0796374381,0.238974407,0.967754662],"shapeName":"/levels/west_coast_usa/art/shapes/objects/constructionbarrier.dae","useInstanceRenderData":true}
{"class":"TSStatic","persistentId":"32657424-cd7d-4985-9cd8-6f3477c96a7b","__parent":"movie_studio_str","position":[-915.13147,-760.007324,112.776863],"isRenderEnabled":false,"rotationMatrix":[0.568657815,0.822574139,0,-0.822574139,0.568657815,0,0,0,1],"shapeName":"/levels/west_coast_usa/art/shapes/objects/constructionbarrier.dae","useInstanceRenderData":true}
{"class":"TSStatic","persistentId":"97c07c87-f66d-4bac-bba2-a6c05f5fdd78","__parent":"movie_studio_str","position":[-950.132751,-656.784851,105.936996],"isRenderEnabled":false,"rotationMatrix":[0.98749882,0.0359022617,-0.153483361,-0.00418998487,0.97935015,0.202127919,0.157570809,-0.198957995,0.967257559],"shapeName":"/levels/west_coast_usa/art/shapes/objects/constructionbarrier.dae","useInstanceRenderData":true}
{"class":"TSStatic","persistentId":"c5b985cd-81c8-4142-bb9d-e6db54932e3a","__parent":"movie_studio_str","position":[-922.108032,-650.488953,102.418205],"isRenderEnabled":false,"rotationMatrix":[0.572404385,0.819583118,-0.0252327546,-0.819970191,0.572077811,-0.0193863194,-0.00145360362,0.0317869224,0.999493599],"shapeName":"/levels/west_coast_usa/art/shapes/objects/constructionbarrier.dae","useInstanceRenderData":true}
{"name":"p_moviestudio_chainlink_soontorise","class":"Prefab","persistentId":"400e1377-b8b6-4995-ae2c-094383b612c9","__parent":"movie_studio_str","filename":"/levels/west_coast_usa/art/prefabs/p_moviestudio_chainlink_soontorise.prefab"}
