{"name":"lapSplit1","class":"BeamNGTrigger","persistentId":"1a32f8de-6141-48b1-8533-69967df60b0c","__parent":"SimGroup_","position":[-387.242462,254.938538,27.5168533],"luaFunction":"onBeamNGTrigger","rotationMatrix":[0.957113087,0.289714575,0,-0.289714575,0.957113087,0,0,0,1],"scale":[11.6674318,2,6],"triggerColor":[0,255,255,20]}
{"name":"startStop1","class":"BeamNGTrigger","persistentId":"1aff8c64-5fa1-4aa4-a0d6-f7168f35efee","__parent":"SimGroup_","position":[-310.543671,727.787659,324.101044],"luaFunction":"onBeamNGTrigger","rotationMatrix":[0.843859076,0.536564827,0,-0.536564827,0.843859076,0,0,0,1],"scale":[14.7455921,2,6],"triggerColor":[0,255,0,20]}
{"name":"outOfBounds1","class":"BeamNGTrigger","persistentId":"3858d699-3f0d-4d70-8585-61977a758ca7","__parent":"SimGroup_","position":[131.539108,519.999512,302.034332],"luaFunction":"onBeamNGTrigger","rotationMatrix":[0.772036612,0.635578096,-1.86264515e-09,-0.635367572,0.771780849,0.0257398523,0.016359685,-0.0198721066,0.999668658],"scale":[11.6674318,2,6],"triggerColor":[255,0,0,20]}
{"name":"outOfBounds4","class":"BeamNGTrigger","persistentId":"486007fe-c4de-407b-a8c0-659e72e6599c","__parent":"SimGroup_","position":[152.575897,537.256287,303.884155],"luaFunction":"onBeamNGTrigger","rotationMatrix":[0.772036612,0.635578096,-1.86264515e-09,-0.635367572,0.771780849,0.0257398523,0.016359685,-0.0198721066,0.999668658],"scale":[11.6674318,2,6],"triggerColor":[255,0,0,20]}
{"name":"lapSplit2","class":"BeamNGTrigger","persistentId":"555c57cb-61dc-451f-a22e-7e9e9566dbdb","__parent":"SimGroup_","position":[615.11969,-598.79187,369.835114],"luaFunction":"onBeamNGTrigger","rotationMatrix":[0.957113087,0.289714575,0,-0.289714575,0.957113087,0,0,0,1],"scale":[13.7816973,2,6],"triggerColor":[0,255,255,20]}
{"name":"lapSplit3","class":"BeamNGTrigger","persistentId":"6917ce86-3ced-4f76-8a60-8a06da2371da","__parent":"SimGroup_","position":[-533.82251,-955.010986,276.162781],"luaFunction":"onBeamNGTrigger","rotationMatrix":[0.611672997,0.791110754,0,-0.791110754,0.611672997,0,0,0,1],"scale":[13.7816973,2,6],"triggerColor":[0,255,255,20]}
{"name":"outOfBounds3","class":"BeamNGTrigger","persistentId":"932ee0d7-d5d4-4c73-be1e-60a52995b81b","__parent":"SimGroup_","position":[206.775528,398.640594,320.807556],"luaFunction":"onBeamNGTrigger","rotationMatrix":[0.925598264,0.378430605,-0.00762481382,-0.378153682,0.92541635,0.024584597,0.0163596887,-0.0198721085,0.999668658],"scale":[11.6674318,2,6],"triggerColor":[255,0,0,20]}
{"name":"outOfBounds5","class":"BeamNGTrigger","persistentId":"a4ff12e1-b70d-49ee-b274-28ccb18c6635","__parent":"SimGroup_","position":[612.583435,-715.027405,373.854858],"luaFunction":"onBeamNGTrigger","rotationMatrix":[0.991486907,-0.128844157,-0.0187870506,0.129174814,0.991465747,0.0175950862,0.0163596924,-0.0198721103,0.999668658],"scale":[68.586235,2,6],"triggerColor":[255,0,0,20]}
{"name":"outOfBounds6","class":"BeamNGTrigger","persistentId":"d5208df8-d6f7-42c9-9cad-ef2f7f57e820","__parent":"SimGroup_","position":[-448.271057,-491.25058,286.173126],"luaFunction":"onBeamNGTrigger","rotationMatrix":[0.557134688,-0.830027044,-0.0256174318,0.830261052,0.557369232,-0.0025075404,0.016359698,-0.0198721141,0.999668658],"scale":[22.8328629,2,6],"triggerColor":[255,0,0,20]}
{"name":"outOfBounds2","class":"BeamNGTrigger","persistentId":"fea95700-8400-47ce-a27d-7ab7d48c13ac","__parent":"SimGroup_","position":[132.440002,520.679443,303.884155],"luaFunction":"onBeamNGTrigger","rotationMatrix":[0.772036612,0.635578096,-1.86264515e-09,-0.635367572,0.771780849,0.0257398523,0.016359685,-0.0198721066,0.999668658],"scale":[11.6674318,2,6],"triggerColor":[255,0,0,20]}
