{"class":"TSStatic","persistentId":"1dd990f8-11c1-474c-8eed-b1cc1b0de3f9","__parent":"career_garage_exterior_props","position":[896.65564,-547.845398,163.326065],"decalType":"None","isRenderEnabled":false,"rotationMatrix":[-0.93074429,-0.365079403,0.0208177809,0.364149153,-0.930554748,-0.0382675044,0.0333427489,-0.0280364621,0.999050677],"shapeName":"/levels/west_coast_usa/art/shapes/objects/bollard_yellow.dae","useInstanceRenderData":true}
{"class":"TSStatic","persistentId":"3e9b0a30-a52e-478f-9d79-fd1ce0488ff9","__parent":"career_garage_exterior_props","position":[897.339111,-542.576416,163.326065],"decalType":"None","isRenderEnabled":false,"rotationMatrix":[-0.459765911,-0.887848198,0.0184972268,0.887392581,-0.460126281,-0.0286251027,0.0339257866,0.00325346552,0.999419034],"shapeName":"/levels/west_coast_usa/art/shapes/objects/bollard_yellow.dae","useInstanceRenderData":true}
{"class":"TSStatic","persistentId":"96232394-8129-4d1d-8486-ae1e881766a9","__parent":"career_garage_exterior_props","position":[918.459656,-532.301636,163.326126],"decalType":"None","isRenderEnabled":false,"rotationMatrix":[-0.522870541,0.852247119,0.0167635437,-0.852144241,-0.523098111,0.0147759886,0.0213617738,-0.00655902643,0.999750316],"shapeName":"/levels/west_coast_usa/art/shapes/objects/bollard_yellow.dae","useInstanceRenderData":true}
{"class":"TSStatic","persistentId":"cca5699e-7d0c-4341-904c-96b710ed9b95","__parent":"career_garage_exterior_props","position":[913.264893,-531.596313,163.32608],"decalType":"None","isRenderEnabled":false,"rotationMatrix":[-0.687141418,0.726122499,0.024141565,-0.726389647,-0.685997009,-0.042025689,-0.0139547586,-0.0464137755,0.998824835],"shapeName":"/levels/west_coast_usa/art/shapes/objects/bollard_yellow.dae","useInstanceRenderData":true}
{"class":"TSStatic","persistentId":"4f9a37dd-edff-433c-941d-a6ef1b8c660e","__parent":"career_garage_exterior_props","collisionType":"Visible Mesh Final","decalType":"Visible Mesh Final","isRenderEnabled":false,"shapeName":"/levels/west_coast_usa/art/shapes/buildings/garage_curbs.dae","useInstanceRenderData":true}
{"class":"TSStatic","persistentId":"a0966f5f-6fbb-4a79-9df4-9a0cfb32af94","__parent":"career_garage_exterior_props","position":[932.008972,-516.104675,163.06076],"decalType":"None","isRenderEnabled":false,"rotationMatrix":[0.960285544,0.279019058,0,-0.279019058,0.960285544,0,0,0,1],"shapeName":"/levels/west_coast_usa/art/shapes/objects/bollard_yellow.dae","useInstanceRenderData":true}
{"class":"TSStatic","persistentId":"1256919a-6508-458f-9ba0-2a7a8ae5d7a9","__parent":"career_garage_exterior_props","position":[919.022339,-566.567993,163.249207],"decalType":"None","isRenderEnabled":false,"rotationMatrix":[-0.930402875,-0.365599513,0.0262196064,0.364760697,-0.930555105,-0.0318886563,0.0360572673,-0.0201054178,0.999147475],"shapeName":"/levels/west_coast_usa/art/shapes/objects/bollard_yellow.dae","useInstanceRenderData":true}
{"class":"TSStatic","persistentId":"6a67fd6b-8f4b-479d-967f-a62184a2fd98","__parent":"career_garage_exterior_props","position":[918.272705,-567.590088,163.249207],"decalType":"None","isRenderEnabled":false,"rotationMatrix":[-0.508537769,-0.859838068,-0.0454690047,0.859422982,-0.503640652,-0.087964803,0.0527354442,-0.083810553,0.995085299],"shapeName":"/levels/west_coast_usa/art/shapes/objects/bollard_yellow.dae","useInstanceRenderData":true}
