{"name":"garageOfficeLightPropOn_1","class":"TSStatic","persistentId":"68322b59-57c1-4077-be35-f074741b06c4","__parent":"lightPropsOn","position":[902.049011,-536.885681,167.796036],"hidden":true,"isRenderEnabled":false,"rotationMatrix":[0.125592917,0.992081881,0,-0.992081881,0.125592917,0,0,0,1],"shapeName":"/levels/west_coast_usa/art/shapes/objects/s_long_light_hanging.dae","useInstanceRenderData":true}
{"name":"garageOfficeLightPropOn_2","class":"TSStatic","persistentId":"451682a3-3f88-481b-bd2c-8b65bd0466db","__parent":"lightPropsOn","position":[905.832031,-537.364563,167.796036],"hidden":true,"isRenderEnabled":false,"rotationMatrix":[0.125592917,0.992081881,0,-0.992081881,0.125592917,0,0,0,1],"shapeName":"/levels/west_coast_usa/art/shapes/objects/s_long_light_hanging.dae","useInstanceRenderData":true}
{"name":"garageBenchLightPropOn_1","class":"TSStatic","persistentId":"f545c64d-abfc-4404-8040-b2e22fd1034c","__parent":"lightPropsOn","position":[907.953613,-537.112549,166.114105],"hidden":true,"isRenderEnabled":false,"rotationMatrix":[0.125593066,0.992081761,-4.26325641e-14,0.992081761,-0.125592828,-3.25841313e-07,-3.23261247e-07,4.09233394e-08,-0.999999762],"scale":[1.29999995,1.29999995,1.29999995],"shapeName":"/levels/west_coast_usa/art/shapes/objects/s_small_light_hanging.dae","useInstanceRenderData":true}
{"name":"garageBenchLightPropOn_2","class":"TSStatic","persistentId":"855e2a09-c51a-49e3-93f9-bf247d28f058","__parent":"lightPropsOn","position":[908.283875,-534.50354,166.114105],"hidden":true,"isRenderEnabled":false,"rotationMatrix":[0.125593066,0.992081761,-4.26325641e-14,0.992081761,-0.125592828,-3.25841313e-07,-3.23261247e-07,4.09233394e-08,-0.999999762],"scale":[1.29999995,1.29999995,1.29999995],"shapeName":"/levels/west_coast_usa/art/shapes/objects/s_small_light_hanging.dae","useInstanceRenderData":true}
{"name":"garageLightPropOn_1","class":"TSStatic","persistentId":"a0997b84-b0e7-4f4e-88c6-388e1b091d60","__parent":"lightPropsOn","position":[904.748474,-545.828247,169.550598],"hidden":true,"isRenderEnabled":false,"rotationMatrix":[0.125592917,0.992081881,0,-0.992081881,0.125592917,0,0,0,1],"shapeName":"/levels/west_coast_usa/art/shapes/objects/s_long_light_roof.dae","useInstanceRenderData":true}
{"name":"garageLightPropOn_2","class":"TSStatic","persistentId":"79f832f6-bfbc-4b93-8732-ebef80a68e4c","__parent":"lightPropsOn","position":[909.875549,-546.477295,169.550598],"hidden":true,"isRenderEnabled":false,"rotationMatrix":[0.125592917,0.992081881,0,-0.992081881,0.125592917,0,0,0,1],"shapeName":"/levels/west_coast_usa/art/shapes/objects/s_long_light_roof.dae","useInstanceRenderData":true}
{"name":"garageLightPropOn_3","class":"TSStatic","persistentId":"a9d152f2-0cf8-4324-894c-1e44cf6b4566","__parent":"lightPropsOn","position":[914.90686,-547.114197,169.550598],"hidden":true,"isRenderEnabled":false,"rotationMatrix":[0.125592917,0.992081881,0,-0.992081881,0.125592917,0,0,0,1],"shapeName":"/levels/west_coast_usa/art/shapes/objects/s_long_light_roof.dae","useInstanceRenderData":true}
{"name":"garageLightPropOn_4","class":"TSStatic","persistentId":"4d0da82f-717b-49e0-a74e-b5ee4c6beeb7","__parent":"lightPropsOn","position":[915.969055,-538.723816,169.550598],"hidden":true,"isRenderEnabled":false,"rotationMatrix":[0.125592917,0.992081881,0,-0.992081881,0.125592917,0,0,0,1],"shapeName":"/levels/west_coast_usa/art/shapes/objects/s_long_light_roof.dae","useInstanceRenderData":true}
{"name":"garageLightPropOn_5","class":"TSStatic","persistentId":"11387201-e308-4537-87cc-24efa60beb66","__parent":"lightPropsOn","position":[910.937744,-538.086914,169.550598],"hidden":true,"isRenderEnabled":false,"rotationMatrix":[0.125592917,0.992081881,0,-0.992081881,0.125592917,0,0,0,1],"shapeName":"/levels/west_coast_usa/art/shapes/objects/s_long_light_roof.dae","useInstanceRenderData":true}
{"name":"garageLightPropOn_6","class":"TSStatic","persistentId":"1ddf517a-d75d-4fc6-aca3-3793170eb686","__parent":"lightPropsOn","position":[905.262573,-540.534973,167.677628],"hidden":true,"isRenderEnabled":false,"rotationMatrix":[-0.992082,0.125592589,0,-0.0918457061,-0.725508332,0.682057261,0.0856613442,0.676656723,0.731298745],"shapeName":"/levels/west_coast_usa/art/shapes/objects/s_long_light_hanging.dae","useInstanceRenderData":true}
