{"name":"garageExteriorLightPropOn_1","class":"TSStatic","persistentId":"9ca5d683-55c3-4687-aadc-b304a5803ccb","__parent":"garageLights","position":[907.083923,-531.684021,167.634918],"isRenderEnabled":false,"rotationMatrix":[0.992081821,-0.125593275,-3.25841313e-07,-0.125593275,-0.992081642,1.47437618e-13,-3.23261247e-07,4.09233394e-08,-0.999999881],"scale":[1.29999995,1.29999995,1.29999995],"shapeName":"/levels/west_coast_usa/art/shapes/objects/s_small_light_hanging.dae","useInstanceRenderData":true}
{"name":"garageExteriorLightPropOn_2","class":"TSStatic","persistentId":"020e3f8f-4c37-49bd-9eb7-4cf875e9ac46","__parent":"garageLights","position":[903.634766,-531.247375,167.634918],"isRenderEnabled":false,"rotationMatrix":[0.992081821,-0.125593275,-3.25841313e-07,-0.125593275,-0.992081642,1.47437618e-13,-3.23261247e-07,4.09233394e-08,-0.999999881],"scale":[1.29999995,1.29999995,1.29999995],"shapeName":"/levels/west_coast_usa/art/shapes/objects/s_small_light_hanging.dae","useInstanceRenderData":true}
{"name":"garageExteriorLightPropOn_3","class":"TSStatic","persistentId":"8cec02b2-c615-4a3d-96ad-8a59c1d6e93b","__parent":"garageLights","position":[899.189026,-534.70105,167.634933],"isRenderEnabled":false,"rotationMatrix":[0.125593066,0.992081761,-4.26325641e-14,0.992081761,-0.125592828,-3.25841313e-07,-3.23261247e-07,4.09233394e-08,-0.999999762],"scale":[1.29999995,1.29999995,1.29999995],"shapeName":"/levels/west_coast_usa/art/shapes/objects/s_small_light_hanging.dae","useInstanceRenderData":true}
{"name":"garageExteriorLightPropOn_4","class":"TSStatic","persistentId":"6b1a478c-f9c2-40d8-b212-ed004d9c51d6","__parent":"garageLights","position":[898.775208,-537.969666,167.634933],"isRenderEnabled":false,"rotationMatrix":[0.125593066,0.992081761,-4.26325641e-14,0.992081761,-0.125592828,-3.25841313e-07,-3.23261247e-07,4.09233394e-08,-0.999999762],"scale":[1.29999995,1.29999995,1.29999995],"shapeName":"/levels/west_coast_usa/art/shapes/objects/s_small_light_hanging.dae","useInstanceRenderData":true}
{"name":"garageOfficeLightsTrigger","class":"BeamNGTrigger","persistentId":"0bc16037-adae-4998-a818-917ec38d5b7b","__parent":"garageLights","position":[903.987244,-537.253662,165.639084],"luaFunction":"onBeamNGTrigger","rotationMatrix":[0.125592902,0.992081821,0,-0.992081821,0.125592902,0,0,0,0.999999881],"scale":[5.65810251,7.42971373,4.0895505]}
{"name":"garageBenchLightsTrigger","class":"BeamNGTrigger","persistentId":"f767c56a-dad5-4522-a999-acddda0f9448","__parent":"garageLights","position":[909.299988,-536.527466,165.181458],"luaFunction":"onBeamNGTrigger","rotationMatrix":[0.125592902,0.992081821,0,-0.992081821,0.125592902,0,0,0,0.999999881],"scale":[4.7798233,2.54505372,3.4360106]}
{"name":"garageLightsMainTrigger_1","class":"BeamNGTrigger","persistentId":"78af10f8-255f-48d5-82d1-a656c9ae2a36","__parent":"garageLights","position":[907.971741,-546.638977,165.694717],"luaFunction":"onBeamNGTrigger","rotationMatrix":[0.125592902,0.992081821,0,-0.992081821,0.125592902,0,0,0,0.999999881],"scale":[11.6997967,20.7748013,7.77758169],"triggerMode":"Overlaps","triggerTestType":"Bounding box"}
{"name":"garageLightsMainTrigger_2","class":"BeamNGTrigger","persistentId":"2d09be72-c8c2-44e1-9742-6a4a3c6445e1","__parent":"garageLights","position":[913.713074,-537.094421,165.694717],"luaFunction":"onBeamNGTrigger","rotationMatrix":[0.125592902,0.992081821,0,-0.992081821,0.125592902,0,0,0,0.999999881],"scale":[9.09104252,11.6644735,7.77758169],"triggerMode":"Overlaps","triggerTestType":"Bounding box"}
{"name":"lightObjects","class":"SimGroup","persistentId":"0acfed49-6fa0-4623-8702-aebb771b153a","__parent":"garageLights"}
{"name":"lightPropsOn","class":"SimGroup","persistentId":"269dd8cb-ec4a-45e9-8568-4685b75f01a9","__parent":"garageLights","hidden":true}
{"name":"lightPropsOff","class":"SimGroup","persistentId":"2cbfcfef-6056-4f16-970c-e734898f4b4f","__parent":"garageLights"}
