{"name":"outOfBounds6","class":"BeamNGTrigger","persistentId":"308af48f-0eb8-4f45-8be4-e787ea0d75d3","__parent":"multiplayer_circuit_short_group","position":[618.874756,203.065536,134.363708],"luaFunction":"onBeamNGTrigger","rotationMatrix":[-0.600366354,-0.799725235,0,0.799725235,-0.600366354,0,0,0,1],"scale":[2,28.8951263,6],"track":"0","triggerColor":[255,0,0,20],"zone":"1"}
{"name":"lapSplit2","class":"BeamNGTrigger","persistentId":"41f8c057-5f0e-4588-b72e-64b2762cc5aa","__parent":"multiplayer_circuit_short_group","position":[338.929047,298.191956,143.547989],"luaFunction":"onBeamNGTrigger","rotationMatrix":[0.965425074,0.260680646,0,-0.260680646,0.965425074,0,0,0,1],"scale":[2,33.4241905,6],"track":"0","triggerColor":[0,255,255,20],"zone":"0"}
{"name":"outOfBounds3","class":"BeamNGTrigger","persistentId":"51fde4e2-c1c9-423b-aa5e-ecee40f9f575","__parent":"multiplayer_circuit_short_group","position":[586.964172,403.613922,148.228348],"luaFunction":"onBeamNGTrigger","rotationMatrix":[-8.74227695e-08,-0.999999881,0,0.999999881,-8.74227695e-08,0,0,0,0.999999881],"scale":[2,46.5167961,6],"track":"0","triggerColor":[255,0,0,20],"zone":"0"}
{"name":"lapSplit1","class":"BeamNGTrigger","persistentId":"5973f376-b9cf-4c82-9804-069d31ae9256","__parent":"multiplayer_circuit_short_group","position":[615.752319,490.53952,146.221252],"luaFunction":"onBeamNGTrigger","rotationMatrix":[0.866025269,-0.49999997,0,0.49999997,0.866025269,0,0,0,0.999999881],"scale":[2,33.4241905,6],"track":"0","triggerColor":[0,255,255,20],"zone":"0"}
{"name":"outOfBounds5","class":"BeamNGTrigger","persistentId":"61d9e1f8-e807-4856-9d19-111a68f4c422","__parent":"multiplayer_circuit_short_group","position":[672.640381,207.323868,136.958145],"luaFunction":"onBeamNGTrigger","rotationMatrix":[-0.7057935,-0.708417237,0,0.708417237,-0.7057935,0,0,0,1],"scale":[2,46.773674,6],"track":"0","triggerColor":[255,0,0,20],"zone":"1"}
{"name":"startStop","class":"BeamNGTrigger","persistentId":"ca4cd165-124b-4a34-af11-7794ab5b0eb0","__parent":"multiplayer_circuit_short_group","position":[498.307343,176.884552,134.06691],"luaFunction":"onBeamNGTrigger","scale":[2,20,6],"track":"0","triggerColor":[0,255,0,20],"zone":"0"}
{"name":"outOfBounds4","class":"BeamNGTrigger","persistentId":"fefde451-1022-4fca-8977-504e6c2453ac","__parent":"multiplayer_circuit_short_group","position":[376.866119,460.333069,146.702087],"luaFunction":"onBeamNGTrigger","rotationMatrix":[0.201141357,-0.979562104,0,0.979562104,0.201141357,0,0,0,1],"scale":[2,28.8951263,6],"track":"0","triggerColor":[255,0,0,20],"zone":"0"}
{"name":"multiplayer_circuit_short_group","class":"SimGroup","persistentId":"f40ce5f8-c44d-4ac3-ba1e-23a0ddd459e4","groupPosition":"0 0 0"}
{"name":"sign_p2_1","class":"TSStatic","persistentId":"0301eae3-24ea-410b-ab59-10bfb3aa2fe4","__parent":"multiplayer_circuit_short_group","position":[468.549164,361.427887,145.350006],"isRenderEnabled":false,"mode":"Ignore","rotationMatrix":[-0.563506544,-0.826111615,0,0.826111615,-0.563506544,0,0,0,1],"scale":[1,1,2],"shapeName":"/levels/automation_test_track/art/shapes/objects/post_fence1.dae"}
{"class":"TSStatic","persistentId":"0aea735a-dc84-4ed2-a954-76b20e2a5050","__parent":"multiplayer_circuit_short_group","position":[604.468994,403.246948,147.029968],"isRenderEnabled":false,"mode":"Ignore","rotationMatrix":[0.999261081,0,0.0384404548,0,1,0,-0.0384404548,0,0.999261081],"shapeName":"/levels/automation_test_track/art/shapes/objects/tirewall.dae"}
{"class":"TSStatic","persistentId":"0c12bb12-a093-4ad0-aedc-517feffb7a32","__parent":"multiplayer_circuit_short_group","position":[657.065125,222.361862,134.343277],"isRenderEnabled":false,"mode":"Ignore","rotationMatrix":[0.901892781,-0.431959659,9.31322575e-10,0.429729223,0.897236168,0.101487942,-0.043838691,-0.091531232,0.994836628],"shapeName":"/levels/automation_test_track/art/shapes/objects/tirewall.dae"}
{"class":"TSStatic","persistentId":"0e037f4d-3877-42b7-ad26-5d690cd73128","__parent":"multiplayer_circuit_short_group","position":[505.810852,451.373657,144.84613],"isRenderEnabled":false,"mode":"Ignore","rotationMatrix":[0.999422908,-0.0339674614,0.000442687044,0.0339682661,0.999423325,-0.000246124866,-0.000433983456,0.000261139445,0.999999583],"shapeName":"/levels/automation_test_track/art/shapes/objects/tirewall.dae"}
{"class":"TSStatic","persistentId":"0eb6918d-a0f5-4050-95f4-19352bb895a6","__parent":"multiplayer_circuit_short_group","position":[681.454102,199.191635,133.709305],"isRenderEnabled":false,"mode":"Ignore","rotationMatrix":[0.697235823,-0.716841519,-0.000450822525,0.713608801,0.694031775,0.095301345,-0.0680030659,-0.0667691976,0.995448112],"shapeName":"/levels/automation_test_track/art/shapes/objects/tirewall.dae"}
{"class":"TSStatic","persistentId":"0f79e486-88b4-4792-b615-db97f6556247","__parent":"multiplayer_circuit_short_group","position":[666.254517,445.359283,143.361176],"isRenderEnabled":false,"mode":"Ignore","rotationMatrix":[0.917527616,-0.396602601,-0.02912407,0.395922035,0.917901218,-0.0265337788,0.0372564681,0.0128147919,0.999223173],"shapeName":"/levels/automation_test_track/art/shapes/objects/tirewall.dae"}
{"class":"TSStatic","persistentId":"1633ffa9-827d-4990-be84-a19e1a9dc2b8","__parent":"multiplayer_circuit_short_group","position":[661.794373,219.618576,134.257019],"isRenderEnabled":false,"mode":"Ignore","rotationMatrix":[-0.794462323,0.606493115,0.0315620899,-0.606284678,-0.789022446,-0.0993116423,-0.0353286304,-0.0980349928,0.994555533],"shapeName":"/levels/automation_test_track/art/shapes/objects/tirewall.dae"}
{"name":"sign_p3_1","class":"TSStatic","persistentId":"171936e7-1a1d-4918-8df2-57c4cc3e5920","__parent":"multiplayer_circuit_short_group","position":[469.676117,363.0802,145.350006],"isRenderEnabled":false,"mode":"Ignore","rotationMatrix":[0.563506007,0.826111913,0,-0.826112032,0.563506067,0,0,0,1],"scale":[1,1,2],"shapeName":"/levels/automation_test_track/art/shapes/objects/post_fence1.dae"}
{"class":"TSStatic","persistentId":"1815ab5e-db69-41ac-aaf5-df8f8ca6d652","__parent":"multiplayer_circuit_short_group","position":[221.754211,218.736252,136.189789],"isRenderEnabled":false,"mode":"Ignore","rotationMatrix":[0.0361256264,0.999237597,-0.0148236286,-0.999347031,0.0361408331,0.000754437118,0.00128961261,0.0147866234,0.999889791],"shapeName":"/levels/automation_test_track/art/shapes/objects/tirewall.dae"}
{"class":"TSStatic","persistentId":"19c2d3bf-764d-4922-a914-3946093c6aab","__parent":"multiplayer_circuit_short_group","position":[620.969177,200.837219,132.194946],"isRenderEnabled":false,"mode":"Ignore","rotationMatrix":[-0.7601915,0.648566723,0.0383474715,-0.649078429,-0.760720849,-0.00118028268,0.0284062047,-0.0257877298,0.999263704],"shapeName":"/levels/automation_test_track/art/shapes/objects/tirewall.dae"}
{"class":"TSStatic","persistentId":"1ab13297-c878-4413-bdc5-162554e2a766","__parent":"multiplayer_circuit_short_group","position":[465.628143,356.580994,144.799088],"isRenderEnabled":false,"mode":"Ignore","rotationMatrix":[-0.805580378,-0.592380524,-0.0111040119,0.592166722,-0.805620372,0.017702667,-0.019432364,0.00768545037,0.999781549],"shapeName":"/levels/automation_test_track/art/shapes/objects/tirewall.dae"}
{"class":"TSStatic","persistentId":"1c6a9455-7163-46e8-b52a-01c034cf37c2","__parent":"multiplayer_circuit_short_group","position":[469.006897,360.155884,144.828598],"isRenderEnabled":false,"mode":"Ignore","rotationMatrix":[0.531254172,0.847139716,-0.0111040389,-0.846955061,0.531370401,0.017702695,0.0208970141,-1.3969542e-08,0.999781668],"shapeName":"/levels/automation_test_track/art/shapes/objects/tirewall.dae"}
{"class":"TSStatic","persistentId":"1f5c030c-6943-403f-b582-9fbc4be7326d","__parent":"multiplayer_circuit_short_group","position":[629.33075,194.96048,131.835312],"isRenderEnabled":false,"mode":"Ignore","rotationMatrix":[-0.868681729,0.493954152,0.0374414884,-0.494556189,-0.869105577,-0.00836996082,0.0284062047,-0.0257877298,0.999263704],"shapeName":"/levels/automation_test_track/art/shapes/objects/tirewall.dae"}
{"class":"TSStatic","persistentId":"21fe3929-cd64-42df-961c-d8550297b636","__parent":"multiplayer_circuit_short_group","position":[257.534058,165.616837,135.173599],"isRenderEnabled":false,"mode":"Ignore","rotationMatrix":[-0.812059879,0.583360493,0.0157619622,-0.583447635,-0.812149346,-0.00116791227,0.0121197682,-0.0101447059,0.999875009],"shapeName":"/levels/automation_test_track/art/shapes/objects/tirewall.dae"}
{"class":"TSStatic","persistentId":"25e9d9b5-458d-4dd4-9b4d-8418ef35439c","__parent":"multiplayer_circuit_short_group","position":[556.160095,188.781174,131.505508],"isRenderEnabled":false,"mode":"Ignore","rotationMatrix":[0.877664149,0.479276985,0,-0.479276985,0.877664149,0,0,0,1],"shapeName":"/levels/automation_test_track/art/shapes/objects/tirewall.dae"}
{"class":"TSStatic","persistentId":"27303059-dbdd-46e1-9539-c80e90bdb9f3","__parent":"multiplayer_circuit_short_group","position":[205.293289,225.316635,136.143631],"isRenderEnabled":false,"mode":"Ignore","rotationMatrix":[0.00780520262,-0.999606133,0.026872484,0.99996984,0.0078185061,0.000428816827,-0.000638792175,0.0268681087,0.999638677],"shapeName":"/levels/automation_test_track/art/shapes/objects/tirewall.dae"}
{"class":"TSStatic","persistentId":"2e054446-b724-4c6d-8e82-83c1dcfa510b","__parent":"multiplayer_circuit_short_group","position":[380.075439,460.88324,144.835556],"isRenderEnabled":false,"mode":"Ignore","rotationMatrix":[-0.997130215,-0.0757034272,0,0.0757034272,-0.997130215,0,0,0,1],"shapeName":"/levels/automation_test_track/art/shapes/objects/tirewall.dae"}
{"class":"TSStatic","persistentId":"35950a55-d2a6-4bf8-8255-eb070804d4f9","__parent":"multiplayer_circuit_short_group","position":[617.344666,204.564407,132.468369],"isRenderEnabled":false,"mode":"Ignore","rotationMatrix":[0.62611109,-0.778917134,-0.0356748775,0.779413164,0.626509786,0,0.0223506615,-0.0278054699,0.999363422],"shapeName":"/levels/automation_test_track/art/shapes/objects/tirewall.dae"}
{"name":"sign_p4_2","class":"TSStatic","persistentId":"4151c27b-c581-433f-9667-6ea18f988d63","__parent":"multiplayer_circuit_short_group","position":[467.468536,360.197937,145.34938],"isRenderEnabled":false,"mode":"Ignore","rotationMatrix":[0.749634445,0.661852181,0,-0.661852181,0.749634445,0,0,0,1],"scale":[1,1,2],"shapeName":"/levels/automation_test_track/art/shapes/objects/post_fence1.dae"}
{"class":"TSStatic","persistentId":"437a7004-82df-4c0e-a3a1-f6ff74f98606","__parent":"multiplayer_circuit_short_group","position":[500.649902,451.374207,144.868958],"isRenderEnabled":false,"mode":"Ignore","rotationMatrix":[1,-0.000524529023,0.000442690885,0.000525349285,1.00000024,-0.00024612766,-0.000442473975,0.000246479467,0.999999583],"shapeName":"/levels/automation_test_track/art/shapes/objects/tirewall.dae"}
{"class":"TSStatic","persistentId":"456adc5a-e440-446f-aa4a-82d7d88fbb6c","__parent":"multiplayer_circuit_short_group","position":[471.967865,364.559448,144.809753],"isRenderEnabled":false,"mode":"Ignore","rotationMatrix":[0.531254172,0.847139716,-0.0111040389,-0.846955061,0.531370401,0.017702695,0.0208970141,-1.3969542e-08,0.999781668],"shapeName":"/levels/automation_test_track/art/shapes/objects/tirewall.dae"}
{"class":"TSStatic","persistentId":"46a75796-b40e-48e3-b1a6-f22681a493f1","__parent":"multiplayer_circuit_short_group","position":[598.839661,404.304504,146.780502],"isRenderEnabled":false,"mode":"Ignore","rotationMatrix":[-0.998440325,-0.0146196065,-0.0538739376,0.0146106128,-0.99989295,0.000561040826,-0.0538763776,-0.000226961769,0.998547614],"shapeName":"/levels/automation_test_track/art/shapes/objects/tirewall.dae"}
{"class":"TSStatic","persistentId":"47268735-dcee-40ee-877a-8f229ea67540","__parent":"multiplayer_circuit_short_group","position":[369.49054,459.608856,144.891205],"isRenderEnabled":false,"mode":"Ignore","rotationMatrix":[-0.970535159,-0.240958974,0,0.240958974,-0.970535159,0,0,0,1],"shapeName":"/levels/automation_test_track/art/shapes/objects/tirewall.dae"}
{"class":"TSStatic","persistentId":"486cdac6-0879-4927-8a3c-445dbf3eac11","__parent":"multiplayer_circuit_short_group","position":[669.801086,211.459824,133.865463],"isRenderEnabled":false,"mode":"Ignore","rotationMatrix":[-0.71091783,0.702848375,0.0245487392,-0.70155865,-0.706312418,-0.0945430994,-0.0491104871,-0.0844347402,0.995218813],"shapeName":"/levels/automation_test_track/art/shapes/objects/tirewall.dae"}
{"class":"TSStatic","persistentId":"4b3d9304-fed2-4b62-aa51-1262eeee6b8e","__parent":"multiplayer_circuit_short_group","position":[593.245361,403.297943,146.247482],"isRenderEnabled":false,"mode":"Ignore","rotationMatrix":[0.992501736,0,0.122233666,0,1,0,-0.122233666,0,0.992501736],"shapeName":"/levels/automation_test_track/art/shapes/objects/tirewall.dae"}
{"class":"TSStatic","persistentId":"5d4c986b-c3d2-4810-86f4-0c5aaae768ba","__parent":"multiplayer_circuit_short_group","position":[374.762054,459.685486,144.842987],"isRenderEnabled":false,"mode":"Ignore","rotationMatrix":[0.98258847,0.185795918,0,-0.185795918,0.98258847,0,0,0,1],"shapeName":"/levels/automation_test_track/art/shapes/objects/tirewall.dae"}
{"class":"TSStatic","persistentId":"5f4b19de-62b4-467b-bd0f-d915ebcc59b7","__parent":"multiplayer_circuit_short_group","position":[677.630859,203.238052,133.653366],"isRenderEnabled":false,"mode":"Ignore","rotationMatrix":[-0.71091783,0.702848375,0.0245487392,-0.70155865,-0.706312418,-0.0945430994,-0.0491104871,-0.0844347402,0.995218813],"shapeName":"/levels/automation_test_track/art/shapes/objects/tirewall.dae"}
{"class":"TSStatic","persistentId":"60a1bb9d-bf86-4fe2-aed9-073eb63cabc6","__parent":"multiplayer_circuit_short_group","position":[246.003555,168.875961,135.529755],"isRenderEnabled":false,"mode":"Ignore","rotationMatrix":[0.998652279,-0.0389859714,-0.0342907421,0.0388841741,0.999237597,-0.00363739231,0.0344063751,0.00229914486,0.999405146],"shapeName":"/levels/automation_test_track/art/shapes/objects/tirewall.dae"}
{"name":"sign_p2_2","class":"TSStatic","persistentId":"6c87850d-d283-4ec0-9a5d-3444c982c05d","__parent":"multiplayer_circuit_short_group","position":[464.470032,357.550293,145.34938],"isRenderEnabled":false,"mode":"Ignore","rotationMatrix":[-0.749634981,-0.661851585,0,0.661851585,-0.749634981,0,0,0,1],"scale":[1,1,2],"shapeName":"/levels/automation_test_track/art/shapes/objects/post_fence1.dae"}
{"class":"TSStatic","persistentId":"7a492d61-fcf6-438d-9e1b-8f9578965aae","__parent":"multiplayer_circuit_short_group","position":[364.857788,457.716003,144.868729],"isRenderEnabled":false,"mode":"Ignore","rotationMatrix":[0.952190995,0.305504084,0,-0.305504084,0.952190995,0,0,0,1],"shapeName":"/levels/automation_test_track/art/shapes/objects/tirewall.dae"}
{"class":"TSStatic","persistentId":"7e7483bd-34a4-4b09-8ad1-ad162c8a6af2","__parent":"multiplayer_circuit_short_group","position":[568.511963,166.990814,131.514252],"isRenderEnabled":false,"mode":"Ignore","shapeName":"/levels/automation_test_track/art/shapes/objects/tirewall.dae"}
{"class":"TSStatic","persistentId":"80045f78-4849-46f5-ad9f-e15597f51004","__parent":"multiplayer_circuit_short_group","position":[495.19458,451.374878,144.844147],"isRenderEnabled":false,"mode":"Ignore","rotationMatrix":[0.999310315,0.0371347815,0.000442695571,-0.0371339619,0.999310672,-0.000246131211,-0.000451442349,0.000229641708,0.999999583],"shapeName":"/levels/automation_test_track/art/shapes/objects/tirewall.dae"}
{"class":"TSStatic","persistentId":"81869b11-88de-46f3-a623-ec013302cb5a","__parent":"multiplayer_circuit_short_group","position":[504.368774,426.925934,144.733856],"isRenderEnabled":false,"mode":"Ignore","rotationMatrix":[0.996879816,-0.0788893402,0.0027282401,0.0789187104,0.996799767,-0.0127808908,-0.00171112292,0.0129564628,0.99991405],"shapeName":"/levels/automation_test_track/art/shapes/objects/tirewall.dae"}
{"class":"TSStatic","persistentId":"838a3e53-f373-4d1f-a982-75f653d73bfe","__parent":"multiplayer_circuit_short_group","position":[551.266724,187.478149,131.505508],"isRenderEnabled":false,"mode":"Ignore","shapeName":"/levels/automation_test_track/art/shapes/objects/tirewall.dae"}
{"class":"TSStatic","persistentId":"89e65de3-7f4f-41b3-9160-3bbf194513ba","__parent":"multiplayer_circuit_short_group","position":[317.111847,166.981186,134.712677],"isRenderEnabled":false,"mode":"Ignore","rotationMatrix":[-0.775972784,0.630629063,0.0131614972,-0.63068378,-0.776039958,0,0.0102138463,-0.00830074027,0.999913216],"shapeName":"/levels/automation_test_track/art/shapes/objects/tirewall.dae"}
{"class":"TSStatic","persistentId":"8fbfae1a-ce54-4e2b-9cdf-2dff87aca12d","__parent":"multiplayer_circuit_short_group","position":[262.101105,161.897141,135.138214],"isRenderEnabled":false,"mode":"Ignore","rotationMatrix":[0.766726494,-0.641779184,-0.0158051867,0.641859412,0.766822278,0,0.0121197682,-0.0101447059,0.999875009],"shapeName":"/levels/automation_test_track/art/shapes/objects/tirewall.dae"}
{"class":"TSStatic","persistentId":"92e717f1-a7b4-4daf-a27d-c14130480079","__parent":"multiplayer_circuit_short_group","position":[552.725891,501.217529,145.180801],"isRenderEnabled":false,"mode":"Ignore","rotationMatrix":[0.917985976,-0.39660266,0.00272816699,0.39660418,0.917901516,-0.0127808675,0.00256484188,0.0128147947,0.999914169],"shapeName":"/levels/automation_test_track/art/shapes/objects/tirewall.dae"}
{"class":"TSStatic","persistentId":"97865fcf-8800-4f6e-a998-2e7c37bc2478","__parent":"multiplayer_circuit_short_group","position":[665.73114,215.472839,134.029663],"isRenderEnabled":false,"mode":"Ignore","rotationMatrix":[0.699171245,-0.714102209,-0.0348920822,0.713608801,0.694031775,0.095301345,-0.043838691,-0.091531232,0.994836628],"shapeName":"/levels/automation_test_track/art/shapes/objects/tirewall.dae"}
{"class":"TSStatic","persistentId":"9b1e6e6f-08a3-47bd-ba23-d55196f48088","__parent":"multiplayer_circuit_short_group","position":[673.723938,207.133026,133.758728],"isRenderEnabled":false,"mode":"Ignore","rotationMatrix":[0.698104203,-0.715856612,-0.0141251665,0.713608801,0.694031775,0.095301345,-0.0584187917,-0.0766100809,0.995348036],"shapeName":"/levels/automation_test_track/art/shapes/objects/tirewall.dae"}
{"class":"TSStatic","persistentId":"9b69197a-1475-4832-8da2-db39f4baccb3","__parent":"multiplayer_circuit_short_group","position":[587.875244,404.190033,145.621399],"isRenderEnabled":false,"mode":"Ignore","rotationMatrix":[-0.999156296,-0.0146213677,-0.0383673832,0.0146106128,-0.99989295,0.000561040826,-0.0383714885,0,0.999263585],"shapeName":"/levels/automation_test_track/art/shapes/objects/tirewall.dae"}
{"class":"TSStatic","persistentId":"9b7e05fa-aa7a-4cd7-8528-a091a28d6ff2","__parent":"multiplayer_circuit_short_group","position":[428.952698,497.3237,145.052292],"isRenderEnabled":false,"mode":"Ignore","rotationMatrix":[0.887194633,0.461388379,0.00272828736,-0.461320341,0.887141943,-0.012780956,-0.00831724983,0.0100807045,0.99991405],"shapeName":"/levels/automation_test_track/art/shapes/objects/tirewall.dae"}
{"class":"TSStatic","persistentId":"9daaceee-546a-4a77-a053-52563a4234fc","__parent":"multiplayer_circuit_short_group","position":[221.872711,224.278671,136.144196],"isRenderEnabled":false,"mode":"Ignore","rotationMatrix":[0.0361256264,0.999237597,-0.0148236286,-0.999347031,0.0361408331,0.000754437118,0.00128961261,0.0147866234,0.999889791],"shapeName":"/levels/automation_test_track/art/shapes/objects/tirewall.dae"}
{"class":"TSStatic","persistentId":"9e6ddd9c-66bf-484a-a2af-92952c949a5a","__parent":"multiplayer_circuit_short_group","position":[624.993042,197.684555,132.02446],"isRenderEnabled":false,"mode":"Ignore","rotationMatrix":[0.817446053,-0.574746549,-0.0380699933,0.575305521,0.817925394,0.00475370511,0.0284062047,-0.0257877298,0.999263704],"shapeName":"/levels/automation_test_track/art/shapes/objects/tirewall.dae"}
{"class":"TSStatic","persistentId":"9f73e95b-76e3-49bf-a50e-26f8f8388b9b","__parent":"multiplayer_circuit_short_group","position":[317.801208,200.463898,134.674881],"isRenderEnabled":false,"mode":"Ignore","rotationMatrix":[0.999878824,0,-0.0155722611,0,1,0,0.0155722611,0,0.999878824],"shapeName":"/levels/automation_test_track/art/shapes/objects/tirewall.dae"}
{"name":"sign_p3_2","class":"TSStatic","persistentId":"b34a8501-f2ff-4071-88e0-5188d5c6fb8e","__parent":"multiplayer_circuit_short_group","position":[465.969299,358.874084,145.34938],"isRenderEnabled":false,"mode":"Ignore","rotationMatrix":[0.749634445,0.661852181,0,-0.661852181,0.749634445,0,0,0,1],"scale":[1,1,2],"shapeName":"/levels/automation_test_track/art/shapes/objects/post_fence1.dae"}
{"class":"TSStatic","persistentId":"c3417df5-5f86-49c8-9db5-e18e85cb7a27","__parent":"multiplayer_circuit_short_group","position":[312.371063,202.062683,134.75946],"isRenderEnabled":false,"mode":"Ignore","rotationMatrix":[0.854050636,-0.520019174,-0.0133011136,0.519956172,0.854154587,-0.00809787307,0.0155722611,0,0.999878824],"shapeName":"/levels/automation_test_track/art/shapes/objects/tirewall.dae"}
{"name":"sign_p1_2","class":"TSStatic","persistentId":"c6962c69-8df0-4128-bd93-1fbf37ac1298","__parent":"multiplayer_circuit_short_group","position":[466.026184,358.809662,146.799377],"collisionType":"Visible Mesh Final","decalType":"Visible Mesh Final","isRenderEnabled":false,"mode":"Ignore","rotationMatrix":[0.749634743,0.661851764,-1.49157117e-10,-0.661851585,0.749634564,-0.000690534886,-0.000457031623,0.00051764911,0.999999821],"scale":[2.5,2.5,2.5],"shapeName":"/levels/automation_test_track/art/shapes/misc/sign_arrows.dae"}
{"class":"TSStatic","persistentId":"cb1b3e9c-fab3-461b-a291-83dbbe3d7ae3","__parent":"multiplayer_circuit_short_group","position":[241.600861,167.578568,135.616516],"isRenderEnabled":false,"mode":"Ignore","rotationMatrix":[-0.679383516,-0.733697951,0.0112483827,0.733745396,-0.679425061,9.49748792e-05,0.00757268118,0.00831795856,0.999936879],"shapeName":"/levels/automation_test_track/art/shapes/objects/tirewall.dae"}
{"class":"TSStatic","persistentId":"ccaa5179-25da-4697-b517-5b059e0b6f5b","__parent":"multiplayer_circuit_short_group","position":[435.081848,453.767487,144.664597],"isRenderEnabled":false,"mode":"Ignore","rotationMatrix":[1,-0.000524529023,0.000442690885,0.000525349285,1.00000024,-0.00024612766,-0.000442473975,0.000246479467,0.999999583],"shapeName":"/levels/automation_test_track/art/shapes/objects/tirewall.dae"}
{"class":"TSStatic","persistentId":"cf2eff89-f6cd-4adc-897a-1770e5d94c16","__parent":"multiplayer_circuit_short_group","position":[582.318481,403.587433,145.408035],"isRenderEnabled":false,"mode":"Ignore","rotationMatrix":[0.999263585,0,0.0383714885,0,1,0,-0.0383714885,0,0.999263585],"shapeName":"/levels/automation_test_track/art/shapes/objects/tirewall.dae"}
{"class":"TSStatic","persistentId":"d4a2d455-9592-455a-bfb5-56e9156e3a43","__parent":"multiplayer_circuit_short_group","position":[205.377457,219.58429,136.23024],"isRenderEnabled":false,"mode":"Ignore","rotationMatrix":[0.00780519517,-0.999863505,0.0143893249,0.999970555,0.00781254098,0.000526417978,-0.000638792349,0.0143846255,0.999896228],"shapeName":"/levels/automation_test_track/art/shapes/objects/tirewall.dae"}
{"name":"sign_p1_1","class":"TSStatic","persistentId":"d6929b69-8286-4d6e-b1e8-6cf6b5cb272f","__parent":"multiplayer_circuit_short_group","position":[469.747192,363.031708,146.800003],"collisionType":"Visible Mesh Final","decalType":"Visible Mesh Final","isRenderEnabled":false,"mode":"Ignore","rotationMatrix":[0.563506305,0.826111853,-1.54614113e-10,-0.826111615,0.563506186,-0.000690535118,-0.000570459059,0.000389120949,0.999999762],"scale":[2.5,2.5,2.5],"shapeName":"/levels/automation_test_track/art/shapes/misc/sign_arrows.dae"}
{"name":"sign_p4_1","class":"TSStatic","persistentId":"f08352fc-a780-4412-bf0a-bac4c4d14732","__parent":"multiplayer_circuit_short_group","position":[470.803101,364.732513,145.350006],"isRenderEnabled":false,"mode":"Ignore","rotationMatrix":[0.563506007,0.826111913,0,-0.826112032,0.563506067,0,0,0,1],"scale":[1,1,2],"shapeName":"/levels/automation_test_track/art/shapes/objects/post_fence1.dae"}
{"class":"TSStatic","persistentId":"fef65522-c39c-4aed-acaf-4ba6c58a3f56","__parent":"multiplayer_circuit_short_group","position":[251.629929,168.092407,135.321228],"isRenderEnabled":false,"mode":"Ignore","rotationMatrix":[0.980601609,-0.192993045,-0.0342907235,0.192983195,0.981196105,-0.00363740069,0.034347903,-0.00305067026,0.999405146],"shapeName":"/levels/automation_test_track/art/shapes/objects/tirewall.dae"}
