{"name":"outOfBounds6","class":"BeamNGTrigger","persistentId":"308af48f-0eb8-4f45-8be4-e787ea0d75d3","__parent":"multiplayer_circuit_long_group","position":[618.874756,203.065536,134.363708],"luaFunction":"onBeamNGTrigger","rotationMatrix":[-0.600366354,-0.799725235,0,0.799725235,-0.600366354,0,0,0,1],"scale":[2,28.8951263,6],"track":"0","triggerColor":[255,0,0,20],"zone":"1"}
{"name":"outOfBounds3","class":"BeamNGTrigger","persistentId":"51fde4e2-c1c9-423b-aa5e-ecee40f9f575","__parent":"multiplayer_circuit_long_group","position":[586.964172,403.613922,148.228348],"luaFunction":"onBeamNGTrigger","rotationMatrix":[-8.74227695e-08,-0.999999881,0,0.999999881,-8.74227695e-08,0,0,0,0.999999881],"scale":[2,46.5167961,6],"track":"0","triggerColor":[255,0,0,20],"zone":"0"}
{"name":"outOfBounds5","class":"BeamNGTrigger","persistentId":"61d9e1f8-e807-4856-9d19-111a68f4c422","__parent":"multiplayer_circuit_long_group","position":[672.640381,207.323868,136.958145],"luaFunction":"onBeamNGTrigger","rotationMatrix":[-0.7057935,-0.708417237,0,0.708417237,-0.7057935,0,0,0,1],"scale":[2,46.773674,6],"track":"0","triggerColor":[255,0,0,20],"zone":"1"}
{"name":"outOfBounds2","class":"BeamNGTrigger","persistentId":"7dad26a5-322b-473a-8bda-a96d96d6b59e","__parent":"multiplayer_circuit_long_group","position":[-240.069901,-190.215561,120.583199],"luaFunction":"onBeamNGTrigger","rotationMatrix":[0.779676437,0.626182556,0,-0.626182556,0.779676437,0,0,0,1],"scale":[2,34.2163124,6],"track":"0","triggerColor":[255,0,0,20],"zone":"2"}
{"name":"startStop","class":"BeamNGTrigger","persistentId":"ca4cd165-124b-4a34-af11-7794ab5b0eb0","__parent":"multiplayer_circuit_long_group","position":[498.307343,176.884552,134.06691],"luaFunction":"onBeamNGTrigger","scale":[2,20,6],"track":"0","triggerColor":[0,255,0,20],"zone":"0"}
{"name":"lapSplit2","class":"BeamNGTrigger","persistentId":"ce375916-2e59-4c66-8034-9486509db408","__parent":"multiplayer_circuit_long_group","position":[-567.078247,-207.750656,119.98896],"luaFunction":"onBeamNGTrigger","scale":[2,20,6],"track":"0","triggerColor":[0,255,255,20],"zone":"0"}
{"name":"lapSplit1","class":"BeamNGTrigger","persistentId":"dcf73544-28ae-48b0-9766-a7fae1562bab","__parent":"multiplayer_circuit_long_group","position":[543.075562,361.324005,147.073807],"luaFunction":"onBeamNGTrigger","scale":[2,20,6],"track":"0","triggerColor":[0,255,255,20],"zone":"0"}
{"name":"outOfBounds1","class":"BeamNGTrigger","persistentId":"f2cd37a1-2614-4c4c-93ce-917a52e30284","__parent":"multiplayer_circuit_long_group","position":[-197.02507,-201.895233,121.241829],"luaFunction":"onBeamNGTrigger","rotationMatrix":[0.596216917,0.802823305,0,-0.802823305,0.596216917,0,0,0,1],"scale":[2,44.8115425,6],"track":"0","triggerColor":[255,0,0,20],"zone":"2"}
{"name":"outOfBounds4","class":"BeamNGTrigger","persistentId":"fefde451-1022-4fca-8977-504e6c2453ac","__parent":"multiplayer_circuit_long_group","position":[376.866119,460.333069,146.702087],"luaFunction":"onBeamNGTrigger","rotationMatrix":[0.201141357,-0.979562104,0,0.979562104,0.201141357,0,0,0,1],"scale":[2,28.8951263,6],"track":"0","triggerColor":[255,0,0,20],"zone":"0"}
{"name":"multiplayer_circuit_long_group","class":"SimGroup","persistentId":"a51ec071-7d6a-44cf-a54a-ec9d74709c23","groupPosition":"0 0 0"}
{"class":"TSStatic","persistentId":"0ca024f4-115a-42b6-a6f3-2b76e2d9e5c3","__parent":"multiplayer_circuit_long_group","position":[-74.3269043,-96.7924271,118.681107],"isRenderEnabled":false,"mode":"Ignore","rotationMatrix":[0.518061697,0.855314136,-0.00699693477,-0.855067968,0.517670393,-0.0295809284,-0.0216788948,0.0213075951,0.999537885],"shapeName":"/levels/automation_test_track/art/shapes/objects/tirewall.dae"}
{"class":"TSStatic","persistentId":"111ccd6d-56d2-41d2-9472-73f83021a829","__parent":"multiplayer_circuit_long_group","position":[-188.729431,-219.161804,119.135109],"isRenderEnabled":false,"mode":"Ignore","rotationMatrix":[0.448697418,-0.893683553,-0.000245076604,0.893676579,0.448692977,0.00410823338,-0.00356150465,-0.00206236634,0.999991477],"shapeName":"/levels/automation_test_track/art/shapes/objects/tirewall.dae"}
{"class":"TSStatic","persistentId":"213775ea-2e0c-4ae0-9ece-5f1ad16b8b78","__parent":"multiplayer_circuit_long_group","position":[-206.770889,-193.14325,118.853889],"isRenderEnabled":false,"mode":"Ignore","rotationMatrix":[0.672449827,-0.74014169,0.00141686574,0.740024865,0.6723755,0.0165811665,-0.0132250758,-0.0101014823,0.999861419],"shapeName":"/levels/automation_test_track/art/shapes/objects/tirewall.dae"}
{"class":"TSStatic","persistentId":"21796d9c-b6fa-4b56-9002-6d2f4b8410e2","__parent":"multiplayer_circuit_long_group","position":[262.101105,161.897141,135.138214],"isRenderEnabled":false,"mode":"Ignore","rotationMatrix":[0.766726494,-0.641779184,-0.0158051867,0.641859412,0.766822278,0,0.0121197682,-0.0101447059,0.999875009],"shapeName":"/levels/automation_test_track/art/shapes/objects/tirewall.dae"}
{"class":"TSStatic","persistentId":"2196f9d1-32a8-4cf1-aac2-c578dc2e872a","__parent":"multiplayer_circuit_long_group","position":[556.160095,188.781174,131.505508],"isRenderEnabled":false,"mode":"Ignore","rotationMatrix":[0.877664149,0.479276985,0,-0.479276985,0.877664149,0,0,0,1],"shapeName":"/levels/automation_test_track/art/shapes/objects/tirewall.dae"}
{"class":"TSStatic","persistentId":"250b5cbe-c9ba-4505-ab5a-f7ba0146c80f","__parent":"multiplayer_circuit_long_group","position":[-314.73703,339.840759,109.269257],"isRenderEnabled":false,"mode":"Ignore","rotationMatrix":[-0.996974945,-0.0765045956,-0.0137423454,0.0765118077,-0.997068882,0,-0.0137020648,-0.00105145155,0.999905705],"shapeName":"/levels/automation_test_track/art/shapes/objects/tirewall.dae"}
{"class":"TSStatic","persistentId":"27e0ca4d-9e69-43bc-91c8-b611eb22705e","__parent":"multiplayer_circuit_long_group","position":[428.952698,497.3237,145.052292],"isRenderEnabled":false,"mode":"Ignore","rotationMatrix":[0.887194633,0.461388379,0.00272828736,-0.461320341,0.887141943,-0.012780956,-0.00831724983,0.0100807045,0.99991405],"shapeName":"/levels/automation_test_track/art/shapes/objects/tirewall.dae"}
{"class":"TSStatic","persistentId":"2f8dccb0-4001-414c-b86f-b5def7b48661","__parent":"multiplayer_circuit_long_group","position":[-323.41098,337.321289,109.036964],"isRenderEnabled":false,"mode":"Ignore","rotationMatrix":[-0.882444739,-0.469572276,-0.0281665903,0.46975863,-0.882794976,0,-0.0248653255,-0.0132314991,0.999603271],"shapeName":"/levels/automation_test_track/art/shapes/objects/tirewall.dae"}
{"class":"TSStatic","persistentId":"344e85ed-dce8-4102-ba9e-d96e94ea4c36","__parent":"multiplayer_circuit_long_group","position":[593.241577,403.297943,146.247406],"isRenderEnabled":false,"mode":"Ignore","rotationMatrix":[0.99349165,0,0.113905147,0,1,0,-0.113905147,0,0.99349165],"shapeName":"/levels/automation_test_track/art/shapes/objects/tirewall.dae"}
{"class":"TSStatic","persistentId":"36949220-03ff-4a31-b69c-f9f8e8df2258","__parent":"multiplayer_circuit_long_group","position":[665.029846,216.189133,134.064651],"isRenderEnabled":false,"mode":"Ignore","rotationMatrix":[0.699171245,-0.714102209,-0.0348920822,0.713608801,0.694031775,0.095301345,-0.043838691,-0.091531232,0.994836628],"shapeName":"/levels/automation_test_track/art/shapes/objects/tirewall.dae"}
{"class":"TSStatic","persistentId":"41f5f8bd-07a4-4c60-adad-8244e20237d3","__parent":"multiplayer_circuit_long_group","position":[317.111847,166.981186,134.712677],"isRenderEnabled":false,"mode":"Ignore","rotationMatrix":[-0.775972784,0.630629063,0.0131614972,-0.63068378,-0.776039958,0,0.0102138463,-0.00830074027,0.999913216],"shapeName":"/levels/automation_test_track/art/shapes/objects/tirewall.dae"}
{"class":"TSStatic","persistentId":"4424707d-fd3f-4c6a-a8bc-a1ab39afe524","__parent":"multiplayer_circuit_long_group","position":[-192.078827,-216.768097,119.075661],"isRenderEnabled":false,"mode":"Ignore","rotationMatrix":[0.813501775,-0.581383169,0.0144404052,0.581475914,0.81355828,-0.00296599162,-0.0100237345,0.0108095929,0.999891341],"shapeName":"/levels/automation_test_track/art/shapes/objects/tirewall.dae"}
{"class":"TSStatic","persistentId":"486705db-6f8a-40a2-91ea-ca0ea5cf0f30","__parent":"multiplayer_circuit_long_group","position":[629.33075,194.96048,131.835312],"isRenderEnabled":false,"mode":"Ignore","rotationMatrix":[-0.868681729,0.493954152,0.0374414884,-0.494556189,-0.869105577,-0.00836996082,0.0284062047,-0.0257877298,0.999263704],"shapeName":"/levels/automation_test_track/art/shapes/objects/tirewall.dae"}
{"class":"TSStatic","persistentId":"49192f70-e252-4606-80d3-615b5dd9440e","__parent":"multiplayer_circuit_long_group","position":[-236.144516,-198.837982,118.722748],"isRenderEnabled":false,"mode":"Ignore","rotationMatrix":[0.367248595,-0.93012327,0,0.93012327,0.367248595,0,0,0,1],"shapeName":"/levels/automation_test_track/art/shapes/objects/tirewall.dae"}
{"class":"TSStatic","persistentId":"4f68913c-762c-4b84-93b2-f5a230574e95","__parent":"multiplayer_circuit_long_group","position":[-197.236984,-209.85759,119.050972],"isRenderEnabled":false,"mode":"Ignore","rotationMatrix":[0.220690012,-0.975344121,0,0.975344121,0.220690072,0,9.31322575e-10,9.31322575e-10,1],"shapeName":"/levels/automation_test_track/art/shapes/objects/tirewall.dae"}
{"class":"TSStatic","persistentId":"524317d4-43fe-40ac-9767-88fcda6b43eb","__parent":"multiplayer_circuit_long_group","position":[-521.05603,-185.144623,116.620773],"isRenderEnabled":false,"mode":"Ignore","rotationMatrix":[0.845121622,-0.533256412,0.0374965593,0.534451127,0.844350576,-0.0378894061,-0.011455344,0.0520613827,0.998577774],"shapeName":"/levels/automation_test_track/art/shapes/objects/tirewall.dae"}
{"class":"TSStatic","persistentId":"5362c4e3-d108-4edb-84a9-ea81b39c80ba","__parent":"multiplayer_circuit_long_group","position":[551.266724,187.478149,131.505508],"isRenderEnabled":false,"mode":"Ignore","shapeName":"/levels/automation_test_track/art/shapes/objects/tirewall.dae"}
{"class":"TSStatic","persistentId":"573bee4d-b840-438f-8528-1fa5ec86f4f4","__parent":"multiplayer_circuit_long_group","position":[258.433044,164.964661,135.173599],"isRenderEnabled":false,"mode":"Ignore","rotationMatrix":[-0.812059879,0.583360493,0.0157619622,-0.583447635,-0.812149346,-0.00116791227,0.0121197682,-0.0101447059,0.999875009],"shapeName":"/levels/automation_test_track/art/shapes/objects/tirewall.dae"}
{"class":"TSStatic","persistentId":"59035b89-ea92-4600-96ae-032741d3ebb2","__parent":"multiplayer_circuit_long_group","position":[500.649902,451.374207,144.868958],"isRenderEnabled":false,"mode":"Ignore","rotationMatrix":[1,-0.000524529023,0.000442690885,0.000525349285,1.00000024,-0.00024612766,-0.000442473975,0.000246479467,0.999999583],"shapeName":"/levels/automation_test_track/art/shapes/objects/tirewall.dae"}
{"class":"TSStatic","persistentId":"5bd4ba9c-e0f8-4d0f-a49e-0a5142aba03b","__parent":"multiplayer_circuit_long_group","position":[369.49054,459.608856,144.891205],"isRenderEnabled":false,"mode":"Ignore","rotationMatrix":[-0.970535159,-0.240958974,0,0.240958974,-0.970535159,0,0,0,1],"shapeName":"/levels/automation_test_track/art/shapes/objects/tirewall.dae"}
{"class":"TSStatic","persistentId":"5ec3e0fe-75e0-45ad-99b1-b633e757c65a","__parent":"multiplayer_circuit_long_group","position":[-83.7067871,-106.86927,118.7883],"isRenderEnabled":false,"mode":"Ignore","rotationMatrix":[0.999904513,0,0.0138239777,0,1,0,-0.0138239777,0,0.999904513],"shapeName":"/levels/automation_test_track/art/shapes/objects/tirewall.dae"}
{"class":"TSStatic","persistentId":"624ba3b6-89fd-4f5b-be97-135494c5efb3","__parent":"multiplayer_circuit_long_group","position":[582.318481,403.587433,145.408035],"isRenderEnabled":false,"mode":"Ignore","rotationMatrix":[0.999263585,0,0.0383714885,0,1,0,-0.0383714885,0,0.999263585],"shapeName":"/levels/automation_test_track/art/shapes/objects/tirewall.dae"}
{"class":"TSStatic","persistentId":"662243f9-ec57-45e3-a9f6-a8ad9f03a2d2","__parent":"multiplayer_circuit_long_group","position":[504.368774,426.925934,144.733856],"isRenderEnabled":false,"mode":"Ignore","rotationMatrix":[0.996879816,-0.0788893402,0.0027282401,0.0789187104,0.996799767,-0.0127808908,-0.00171112292,0.0129564628,0.99991405],"shapeName":"/levels/automation_test_track/art/shapes/objects/tirewall.dae"}
{"class":"TSStatic","persistentId":"66343fba-eacf-453e-ba66-3fc94986660a","__parent":"multiplayer_circuit_long_group","position":[-203.61322,-196.648712,118.874474],"isRenderEnabled":false,"mode":"Ignore","rotationMatrix":[-0.580015123,0.814606488,0,-0.814232051,-0.579748511,-0.0303175598,-0.0246968828,-0.0175846443,0.999540329],"shapeName":"/levels/automation_test_track/art/shapes/objects/tirewall.dae"}
{"class":"TSStatic","persistentId":"6e7e764e-3288-439c-8fee-5d30d874f684","__parent":"multiplayer_circuit_long_group","position":[312.371063,202.062683,134.75946],"isRenderEnabled":false,"mode":"Ignore","rotationMatrix":[0.854050636,-0.520019174,-0.0133011136,0.519956172,0.854154587,-0.00809787307,0.0155722611,0,0.999878824],"shapeName":"/levels/automation_test_track/art/shapes/objects/tirewall.dae"}
{"class":"TSStatic","persistentId":"6ecd8e9e-47e8-4c9c-923a-2116b188ea3f","__parent":"multiplayer_circuit_long_group","position":[624.993042,197.684555,132.02446],"isRenderEnabled":false,"mode":"Ignore","rotationMatrix":[0.817446053,-0.574746549,-0.0380699933,0.575305521,0.817925394,0.00475370511,0.0284062047,-0.0257877298,0.999263704],"shapeName":"/levels/automation_test_track/art/shapes/objects/tirewall.dae"}
{"class":"TSStatic","persistentId":"72c73e9c-cad2-4fe4-8914-1803c3de1199","__parent":"multiplayer_circuit_long_group","position":[661.374573,219.939072,134.273697],"isRenderEnabled":false,"mode":"Ignore","rotationMatrix":[-0.794462323,0.606493115,0.0315620899,-0.606284678,-0.789022446,-0.0993116423,-0.0353286304,-0.0980349928,0.994555533],"shapeName":"/levels/automation_test_track/art/shapes/objects/tirewall.dae"}
{"class":"TSStatic","persistentId":"734d40d3-ecbb-4489-86b0-d3c685dd1787","__parent":"multiplayer_circuit_long_group","position":[-198.73584,-205.111725,118.914047],"isRenderEnabled":false,"mode":"Ignore","rotationMatrix":[-0.36807099,0.929640055,-0.01716014,-0.929187894,-0.368435293,-0.0294403378,-0.0336913243,0.00510885799,0.999419272],"shapeName":"/levels/automation_test_track/art/shapes/objects/tirewall.dae"}
{"class":"TSStatic","persistentId":"77473127-a41b-4fc2-a1a4-9dec7b9829bf","__parent":"multiplayer_circuit_long_group","position":[-237.32312,-194.145035,118.722748],"isRenderEnabled":false,"mode":"Ignore","rotationMatrix":[-0.169314027,0.985562265,0,-0.985562265,-0.169314027,0,0,0,1],"shapeName":"/levels/automation_test_track/art/shapes/objects/tirewall.dae"}
{"class":"TSStatic","persistentId":"77ab6dac-c4c2-4745-a12f-3d954750266d","__parent":"multiplayer_circuit_long_group","position":[-195.364044,-213.708481,119.015984],"isRenderEnabled":false,"mode":"Ignore","rotationMatrix":[0.638047993,-0.769856393,0.0147190485,0.769931793,0.638126254,0.000819796405,-0.0100237345,0.0108095929,0.999891341],"shapeName":"/levels/automation_test_track/art/shapes/objects/tirewall.dae"}
{"class":"TSStatic","persistentId":"787ff8fe-0180-439f-9598-461efd019e4c","__parent":"multiplayer_circuit_long_group","position":[490.99881,353.602631,144.77774],"isRenderEnabled":false,"mode":"Ignore","rotationMatrix":[-0.999998152,-0.00180415902,0,0.00180415902,-0.999998152,0,0,0,1],"shapeName":"/levels/automation_test_track/art/shapes/objects/tirewall.dae"}
{"class":"TSStatic","persistentId":"78c9dcbb-9677-43b2-95e7-6cedccea8df3","__parent":"multiplayer_circuit_long_group","position":[435.081848,453.767487,144.664597],"isRenderEnabled":false,"mode":"Ignore","rotationMatrix":[1,-0.000524529023,0.000442690885,0.000525349285,1.00000024,-0.00024612766,-0.000442473975,0.000246479467,0.999999583],"shapeName":"/levels/automation_test_track/art/shapes/objects/tirewall.dae"}
{"class":"TSStatic","persistentId":"7f1a2d82-c425-4031-8f54-1d0fc9934a73","__parent":"multiplayer_circuit_long_group","position":[472.62677,352.664948,144.780914],"isRenderEnabled":false,"mode":"Ignore","rotationMatrix":[-0.927287102,-0.374351054,0,0.374351054,-0.927287102,0,0,0,1],"shapeName":"/levels/automation_test_track/art/shapes/objects/tirewall.dae"}
{"class":"TSStatic","persistentId":"7f6c4eb5-705b-4482-b3d1-d364f1743fdf","__parent":"multiplayer_circuit_long_group","position":[681.773499,199.121811,133.664261],"isRenderEnabled":false,"mode":"Ignore","rotationMatrix":[-0.710062802,0.704082906,0.00898120739,-0.70155865,-0.706312418,-0.0945430994,-0.0602227412,-0.0734323561,0.995481014],"shapeName":"/levels/automation_test_track/art/shapes/objects/tirewall.dae"}
{"class":"TSStatic","persistentId":"84037529-a61f-4108-af46-ff11b8dc1396","__parent":"multiplayer_circuit_long_group","position":[666.254517,445.359283,143.361176],"isRenderEnabled":false,"mode":"Ignore","rotationMatrix":[0.917527616,-0.396602601,-0.02912407,0.395922035,0.917901218,-0.0265337788,0.0372564681,0.0128147919,0.999223173],"shapeName":"/levels/automation_test_track/art/shapes/objects/tirewall.dae"}
{"class":"TSStatic","persistentId":"8f08e9d8-10ec-496a-9a43-c8d178fed1cc","__parent":"multiplayer_circuit_long_group","position":[374.762054,459.685486,144.842987],"isRenderEnabled":false,"mode":"Ignore","rotationMatrix":[0.98258847,0.185795918,0,-0.185795918,0.98258847,0,0,0,1],"shapeName":"/levels/automation_test_track/art/shapes/objects/tirewall.dae"}
{"class":"TSStatic","persistentId":"8f43c508-aeb1-4ae9-b640-92ef902ba98f","__parent":"multiplayer_circuit_long_group","position":[-326.656128,334.690552,108.943672],"isRenderEnabled":false,"mode":"Ignore","rotationMatrix":[-0.645529091,-0.763631642,-0.012597858,0.763692379,-0.645580411,0,-0.00813293271,-0.00962089282,0.999920547],"shapeName":"/levels/automation_test_track/art/shapes/objects/tirewall.dae"}
{"class":"TSStatic","persistentId":"8f4c98f9-93ce-4010-993b-c7564b58c4f1","__parent":"multiplayer_circuit_long_group","position":[568.161194,167.072021,131.514038],"isRenderEnabled":false,"mode":"Ignore","shapeName":"/levels/automation_test_track/art/shapes/objects/tirewall.dae"}
{"class":"TSStatic","persistentId":"90a1b3cc-ba46-40df-a403-6b823192aa35","__parent":"multiplayer_circuit_long_group","position":[486.559509,353.594635,144.77774],"isRenderEnabled":false,"mode":"Ignore","rotationMatrix":[-0.999998152,-0.00180415902,0,0.00180415902,-0.999998152,0,0,0,1],"shapeName":"/levels/automation_test_track/art/shapes/objects/tirewall.dae"}
{"class":"TSStatic","persistentId":"9b00ba6f-9107-401e-bab1-3ce635fddcf4","__parent":"multiplayer_circuit_long_group","position":[657.065125,222.361862,134.343277],"isRenderEnabled":false,"mode":"Ignore","rotationMatrix":[0.901892781,-0.431959659,9.31322575e-10,0.429729223,0.897236168,0.101487942,-0.043838691,-0.091531232,0.994836628],"shapeName":"/levels/automation_test_track/art/shapes/objects/tirewall.dae"}
{"class":"TSStatic","persistentId":"9ccfa264-2976-457a-aa9c-b0682744c866","__parent":"multiplayer_circuit_long_group","position":[-113.794426,108.571739,118.545784],"isRenderEnabled":false,"mode":"Ignore","rotationMatrix":[-0.998182774,0.056437932,0.0211468209,-0.0564318262,-0.99840647,0.000924061809,0.021165356,-0.000270834018,0.999775231],"shapeName":"/levels/automation_test_track/art/shapes/objects/tirewall.dae"}
{"class":"TSStatic","persistentId":"a0be6063-e879-4488-aa01-19e246f2dc5d","__parent":"multiplayer_circuit_long_group","position":[-109.458687,107.039482,118.469849],"isRenderEnabled":false,"mode":"Ignore","rotationMatrix":[-0.81880933,0.574065089,0.000442599674,-0.574065864,-0.818809927,-0.000246394542,0.000221046037,-0.000455712114,0.999999583],"shapeName":"/levels/automation_test_track/art/shapes/objects/tirewall.dae"}
{"class":"TSStatic","persistentId":"a2132d6b-5041-41f6-8df4-298649ce36ca","__parent":"multiplayer_circuit_long_group","position":[-237.637955,-189.355194,118.744324],"isRenderEnabled":false,"mode":"Ignore","rotationMatrix":[-0.00261625974,-0.999996662,0,0.999996662,-0.00261625974,0,0,0,1],"shapeName":"/levels/automation_test_track/art/shapes/objects/tirewall.dae"}
{"class":"TSStatic","persistentId":"a23f009d-2a1a-4124-945b-f911a3240311","__parent":"multiplayer_circuit_long_group","position":[-79.7631378,-105.079422,118.826035],"isRenderEnabled":false,"mode":"Ignore","rotationMatrix":[0.637045443,0.770806253,-0.00550437625,-0.770811379,0.6369735,-0.0106566967,-0.00470811781,0.0110316351,0.999928117],"shapeName":"/levels/automation_test_track/art/shapes/objects/tirewall.dae"}
{"class":"TSStatic","persistentId":"a30926ef-f132-488a-a15b-740bb55b018e","__parent":"multiplayer_circuit_long_group","position":[380.075439,460.88324,144.835556],"isRenderEnabled":false,"mode":"Ignore","rotationMatrix":[-0.997130215,-0.0757034272,0,0.0757034272,-0.997130215,0,0,0,1],"shapeName":"/levels/automation_test_track/art/shapes/objects/tirewall.dae"}
{"class":"TSStatic","persistentId":"a64fb43a-5b7b-42ef-8d4a-c9be1bae52db","__parent":"multiplayer_circuit_long_group","position":[587.875244,404.190033,145.621399],"isRenderEnabled":false,"mode":"Ignore","rotationMatrix":[-0.999156296,-0.0146213677,-0.0383673832,0.0146106128,-0.99989295,0.000561040826,-0.0383714885,0,0.999263585],"shapeName":"/levels/automation_test_track/art/shapes/objects/tirewall.dae"}
{"class":"TSStatic","persistentId":"a94818ef-5e62-446c-b334-893b762d14df","__parent":"multiplayer_circuit_long_group","position":[-76.8733368,-100.995682,118.73101],"isRenderEnabled":false,"mode":"Ignore","rotationMatrix":[0.518061697,0.855314136,-0.00699693477,-0.855067968,0.517670393,-0.0295809284,-0.0216788948,0.0213075951,0.999537885],"shapeName":"/levels/automation_test_track/art/shapes/objects/tirewall.dae"}
{"class":"TSStatic","persistentId":"b03c9fbb-f839-46d8-acd2-774e8a8ebf76","__parent":"multiplayer_circuit_long_group","position":[684.89447,195.645859,133.77037],"isRenderEnabled":false,"mode":"Ignore","rotationMatrix":[0.695177913,-0.718365192,0.0260549299,0.713608801,0.694031775,0.095301345,-0.0865441039,-0.0476583317,0.995107174],"shapeName":"/levels/automation_test_track/art/shapes/objects/tirewall.dae"}
{"class":"TSStatic","persistentId":"b1c2c930-9fd3-4d8b-958f-2c2ae1fa5c99","__parent":"multiplayer_circuit_long_group","position":[495.540131,353.61084,144.77774],"isRenderEnabled":false,"mode":"Ignore","rotationMatrix":[-0.999998152,-0.00180415902,0,0.00180415902,-0.999998152,0,0,0,1],"shapeName":"/levels/automation_test_track/art/shapes/objects/tirewall.dae"}
{"class":"TSStatic","persistentId":"b2072ec2-ac1f-4504-80ec-0acf680e659d","__parent":"multiplayer_circuit_long_group","position":[604.476013,403.246948,147.026627],"isRenderEnabled":false,"mode":"Ignore","rotationMatrix":[0.998547494,0,0.0538809039,0,1,0,-0.0538809039,0,0.998547494],"shapeName":"/levels/automation_test_track/art/shapes/objects/tirewall.dae"}
{"class":"TSStatic","persistentId":"b25f8d0f-215f-4bd1-bc6b-ed36f0b97a67","__parent":"multiplayer_circuit_long_group","position":[668.41925,212.825974,133.913193],"isRenderEnabled":false,"mode":"Ignore","rotationMatrix":[-0.71091783,0.702848375,0.0245487392,-0.70155865,-0.706312418,-0.0945430994,-0.0491104871,-0.0844347402,0.995218813],"shapeName":"/levels/automation_test_track/art/shapes/objects/tirewall.dae"}
{"class":"TSStatic","persistentId":"b6c1cd19-e263-4b56-bc35-f3d0fc5984ef","__parent":"multiplayer_circuit_long_group","position":[-236.896927,-184.116653,118.753685],"isRenderEnabled":false,"mode":"Ignore","rotationMatrix":[0.28236115,0.959308445,0,-0.959308445,0.28236115,0,0,0,1],"shapeName":"/levels/automation_test_track/art/shapes/objects/tirewall.dae"}
{"class":"TSStatic","persistentId":"bc80ca38-421f-4d0a-a963-fa9734f5a46c","__parent":"multiplayer_circuit_long_group","position":[598.839661,404.304504,146.790756],"isRenderEnabled":false,"mode":"Ignore","rotationMatrix":[-0.998440325,-0.0146196065,-0.0538739376,0.0146106128,-0.99989295,0.000561040826,-0.0538763776,-0.000226961769,0.998547614],"shapeName":"/levels/automation_test_track/art/shapes/objects/tirewall.dae"}
{"class":"TSStatic","persistentId":"bfbee9de-b110-479e-9b41-44f0e30bdae3","__parent":"multiplayer_circuit_long_group","position":[675.231934,205.613617,133.707138],"isRenderEnabled":false,"mode":"Ignore","rotationMatrix":[-0.71091783,0.702848375,0.0245487392,-0.70155865,-0.706312418,-0.0945430994,-0.0491104871,-0.0844347402,0.995218813],"shapeName":"/levels/automation_test_track/art/shapes/objects/tirewall.dae"}
{"class":"TSStatic","persistentId":"c2ba50b4-ff33-4297-a080-ae6dbcc9ce84","__parent":"multiplayer_circuit_long_group","position":[482.036957,353.586487,144.780914],"isRenderEnabled":false,"mode":"Ignore","rotationMatrix":[-0.999998152,-0.00180415902,0,0.00180415902,-0.999998152,0,0,0,1],"shapeName":"/levels/automation_test_track/art/shapes/objects/tirewall.dae"}
{"class":"TSStatic","persistentId":"d07c7798-8ad2-414f-8533-65c9c07b7d94","__parent":"multiplayer_circuit_long_group","position":[495.19458,451.374878,144.844147],"isRenderEnabled":false,"mode":"Ignore","rotationMatrix":[0.999310315,0.0371347815,0.000442695571,-0.0371339619,0.999310672,-0.000246131211,-0.000451442349,0.000229641708,0.999999583],"shapeName":"/levels/automation_test_track/art/shapes/objects/tirewall.dae"}
{"class":"TSStatic","persistentId":"d21a0ad1-e05e-4d75-8b93-98ffdd1ffbf6","__parent":"multiplayer_circuit_long_group","position":[-200.888779,-201.054428,118.900574],"isRenderEnabled":false,"mode":"Ignore","rotationMatrix":[0.452540725,-0.89174366,0,0.89174372,0.452540785,0,9.31322575e-10,9.31322575e-10,1],"shapeName":"/levels/automation_test_track/art/shapes/objects/tirewall.dae"}
{"class":"TSStatic","persistentId":"d45fda47-7b9e-4c90-b3f7-4708d52c6bf0","__parent":"multiplayer_circuit_long_group","position":[374.385559,368.184509,144.284286],"isRenderEnabled":false,"mode":"Ignore","rotationMatrix":[0.998845756,0.043449834,0.0204862151,-0.0434534103,0.999055803,-0.000235566462,-0.0204770193,-0.000654796837,0.999789834],"shapeName":"/levels/automation_test_track/art/shapes/objects/tirewall.dae"}
{"class":"TSStatic","persistentId":"d656f892-66fb-4a19-9799-c7147534dd03","__parent":"multiplayer_circuit_long_group","position":[617.344666,204.564407,132.468369],"isRenderEnabled":false,"mode":"Ignore","rotationMatrix":[0.62611109,-0.778917134,-0.0356748775,0.779413164,0.626509786,0,0.0223506615,-0.0278054699,0.999363422],"shapeName":"/levels/automation_test_track/art/shapes/objects/tirewall.dae"}
{"class":"TSStatic","persistentId":"d9071b84-7806-42f3-b7d4-91cc57e5e7de","__parent":"multiplayer_circuit_long_group","position":[499.450836,352.701782,144.843567],"isRenderEnabled":false,"mode":"Ignore","rotationMatrix":[-0.892469347,0.450967312,-0.0112748658,-0.450995982,-0.892526031,0,-0.0100631099,0.00508491835,0.999936461],"shapeName":"/levels/automation_test_track/art/shapes/objects/tirewall.dae"}
{"class":"TSStatic","persistentId":"daa01f81-d968-4529-8ac4-1954efb6c561","__parent":"multiplayer_circuit_long_group","position":[678.478333,202.253174,133.696213],"isRenderEnabled":false,"mode":"Ignore","rotationMatrix":[0.697235823,-0.716841519,-0.000450822525,0.713608801,0.694031775,0.095301345,-0.0680030659,-0.0667691976,0.995448112],"shapeName":"/levels/automation_test_track/art/shapes/objects/tirewall.dae"}
{"class":"TSStatic","persistentId":"de17fba0-ee16-4688-9ab0-d8ca25ce943c","__parent":"multiplayer_circuit_long_group","position":[364.857788,457.716003,144.868729],"isRenderEnabled":false,"mode":"Ignore","rotationMatrix":[0.952190995,0.305504084,0,-0.305504084,0.952190995,0,0,0,1],"shapeName":"/levels/automation_test_track/art/shapes/objects/tirewall.dae"}
{"class":"TSStatic","persistentId":"e4eb7fad-4821-4f74-a0b9-fc2552631624","__parent":"multiplayer_circuit_long_group","position":[-319.226929,339.019989,109.169762],"isRenderEnabled":false,"mode":"Ignore","rotationMatrix":[-0.963163078,-0.268658429,-0.0118231792,0.268677235,-0.963230431,0,-0.0113884443,-0.00317662023,0.999930024],"shapeName":"/levels/automation_test_track/art/shapes/objects/tirewall.dae"}
{"class":"TSStatic","persistentId":"e816db63-e6d4-4b55-87e5-8ded7ad2a8e1","__parent":"multiplayer_circuit_long_group","position":[620.969177,200.837219,132.194946],"isRenderEnabled":false,"mode":"Ignore","rotationMatrix":[-0.7601915,0.648566723,0.0383474715,-0.649078429,-0.760720849,-0.00118028268,0.0284062047,-0.0257877298,0.999263704],"shapeName":"/levels/automation_test_track/art/shapes/objects/tirewall.dae"}
{"class":"TSStatic","persistentId":"ec3fb5cd-88f3-412c-a60e-4ac17d3f51e5","__parent":"multiplayer_circuit_long_group","position":[242.097473,176.761673,135.714355],"isRenderEnabled":false,"mode":"Ignore","rotationMatrix":[0.46956569,0.882894635,0.00200469769,-0.882881343,0.46954301,0.00702304346,0.00525932992,-0.00506768283,0.999973297],"shapeName":"/levels/automation_test_track/art/shapes/objects/tirewall.dae"}
{"class":"TSStatic","persistentId":"ecab022b-f6bc-4887-8996-36b16cf0d093","__parent":"multiplayer_circuit_long_group","position":[671.919861,208.982971,133.795242],"isRenderEnabled":false,"mode":"Ignore","rotationMatrix":[0.698104203,-0.715856612,-0.0141251665,0.713608801,0.694031775,0.095301345,-0.0584187917,-0.0766100809,0.995348036],"shapeName":"/levels/automation_test_track/art/shapes/objects/tirewall.dae"}
{"class":"TSStatic","persistentId":"ee0fb7d8-21ac-41d0-bc07-e63dfef09f1a","__parent":"multiplayer_circuit_long_group","position":[317.801208,200.463898,134.674881],"isRenderEnabled":false,"mode":"Ignore","rotationMatrix":[0.999878824,0,-0.0155722611,0,1,0,0.0155722611,0,0.999878824],"shapeName":"/levels/automation_test_track/art/shapes/objects/tirewall.dae"}
{"class":"TSStatic","persistentId":"f061d1f5-eb1b-4d99-aab8-502d5564a2ac","__parent":"multiplayer_circuit_long_group","position":[126.344337,49.1042709,123.408348],"isRenderEnabled":false,"mode":"Ignore","rotationMatrix":[0.787934959,-0.615757823,0.00044259784,0.61575824,0.787935793,-0.000246098556,-0.000197113521,0.000466562866,0.999999583],"shapeName":"/levels/automation_test_track/art/shapes/objects/tirewall.dae"}
{"class":"TSStatic","persistentId":"f188c023-2583-4eb6-aa7a-1f9b978aeb52","__parent":"multiplayer_circuit_long_group","position":[477.264069,353.577881,144.780914],"isRenderEnabled":false,"mode":"Ignore","rotationMatrix":[-0.999998152,-0.00180415902,0,0.00180415902,-0.999998152,0,0,0,1],"shapeName":"/levels/automation_test_track/art/shapes/objects/tirewall.dae"}
{"class":"TSStatic","persistentId":"f2e24efa-63e1-42ba-902f-333c9d5b9083","__parent":"multiplayer_circuit_long_group","position":[552.725891,501.217529,145.180801],"isRenderEnabled":false,"mode":"Ignore","rotationMatrix":[0.917985976,-0.39660266,0.00272816699,0.39660418,0.917901516,-0.0127808675,0.00256484188,0.0128147947,0.999914169],"shapeName":"/levels/automation_test_track/art/shapes/objects/tirewall.dae"}
{"class":"TSStatic","persistentId":"f35a6480-09ca-4241-8408-11a98b359d8b","__parent":"multiplayer_circuit_long_group","position":[245.699936,181.04454,135.655609],"isRenderEnabled":false,"mode":"Ignore","rotationMatrix":[0.775411427,0.631281912,-0.0148490928,-0.631351471,0.77549696,0,0.0115154264,0.00937499665,0.999889731],"shapeName":"/levels/automation_test_track/art/shapes/objects/tirewall.dae"}
{"class":"TSStatic","persistentId":"f73d7ca0-6569-4fdc-a151-37d20a107370","__parent":"multiplayer_circuit_long_group","position":[505.810852,451.373657,144.84613],"isRenderEnabled":false,"mode":"Ignore","rotationMatrix":[0.999422908,-0.0339674614,0.000442687044,0.0339682661,0.999423325,-0.000246124866,-0.000433983456,0.000261139445,0.999999583],"shapeName":"/levels/automation_test_track/art/shapes/objects/tirewall.dae"}
